107 1048 107 0.005916
1684 793 1684 0.010393
1912 758 1912 0.014672
3437 547 3437 0.017760
0 349 0 0.019730
2543 294 2543 0.021389
2347 291 2347 0.023032
1888 255 1888 0.024472
1800 245 1800 0.025855
1663 235 1663 0.027181
2266 234 2266 0.028502
1352 234 1352 0.029823
483 232 483 0.031133
348 231 348 0.032437
1730 227 1730 0.033718
1985 224 1985 0.034983
1941 223 1941 0.036242
2142 222 2233 0.037495
2233 222 2142 0.038748
1431 221 1431 0.039996
1199 217 1199 0.041221
2206 211 2206 0.042412
1584 211 1584 0.043603
1768 209 1768 0.044783
2611 208 2611 0.045957
2410 207 2410 0.047126
2229 207 2229 0.048294
2218 206 2218 0.049457
1086 205 1086 0.050614
1993 205 1993 0.051771
1589 205 1589 0.052929
2047 205 2047 0.054086
2078 204 2078 0.055238
2123 203 1746 0.056384
1746 203 2123 0.057529
2240 202 2240 0.058670
2464 202 2464 0.059810
2507 201 2507 0.060945
1827 201 1827 0.062079
2560 201 2560 0.063214
2244 200 2244 0.064343
2602 199 2309 0.065467
2590 199 1983 0.066590
2309 199 2590 0.067713
1983 199 2602 0.068837
2340 198 2340 0.069954
2088 198 2088 0.071072
2324 198 2324 0.072190
1126 198 1126 0.073308
2131 198 2131 0.074425
2604 197 2369 0.075537
2369 197 2542 0.076650
2542 197 2604 0.077762
1804 196 1804 0.078868
2220 195 2220 0.079969
2607 195 2607 0.081070
2073 195 2073 0.082170
2188 194 2188 0.083266
2059 193 2059 0.084355
1390 193 1390 0.085445
2172 193 2172 0.086534
1943 193 1943 0.087624
2150 192 2150 0.088707
1833 192 1833 0.089791
2428 191 2331 0.090870
2331 191 1612 0.091948
2526 191 2601 0.093026
1946 191 1917 0.094104
1917 191 2526 0.095182
2601 191 2428 0.096261
1612 191 1946 0.097339
1621 190 1621 0.098411
2201 190 2201 0.099484
1377 190 1377 0.100557
2564 189 2564 0.101624
1938 189 1938 0.102690
2090 189 2090 0.103757
1714 189 1714 0.104824
2118 188 2118 0.105886
2384 188 2384 0.106947
2624 188 2624 0.108008
2184 187 1962 0.109064
2586 187 2030 0.110119
2030 187 2586 0.111175
1962 187 2184 0.112231
1707 186 1707 0.113281
2064 186 2064 0.114331
2615 186 2615 0.115381
1559 186 1559 0.116431
2625 186 2625 0.117481
2275 185 2275 0.118525
2593 185 2593 0.119569
2111 184 2111 0.120608
2290 184 2290 0.121647
2103 184 2103 0.122685
1078 183 1078 0.123719
2414 183 2414 0.124752
2323 183 2323 0.125785
1835 182 2500 0.126812
2600 182 1376 0.127839
2339 182 2600 0.128867
1613 182 2339 0.129894
2500 182 1835 0.130922
1376 182 1613 0.131949
2104 181 2104 0.132971
2326 180 2326 0.133987
2492 180 2492 0.135003
2271 180 2271 0.136019
1610 179 1984 0.137030
1399 179 2395 0.138040
1984 179 2376 0.139051
2376 179 1399 0.140061
2395 179 1610 0.141072
2139 178 2139 0.142077
1971 178 1971 0.143081
2409 178 2409 0.144086
2468 177 2468 0.145085
1622 177 1979 0.146085
2354 177 2093 0.147084
2045 177 2045 0.148083
2093 177 2354 0.149082
1979 177 1622 0.150081
2381 176 2381 0.151075
2199 176 2199 0.152068
1391 175 1391 0.153056
2278 174 2278 0.154039
2553 174 2553 0.155021
2043 174 2043 0.156003
2200 173 2630 0.156980
1211 173 2033 0.157956
2630 173 2037 0.158933
2037 173 1211 0.159909
2033 173 2200 0.160886
2081 172 2081 0.161857
2356 172 2356 0.162828
1966 172 1966 0.163799
686 171 686 0.164764
2007 171 2007 0.165730
2140 171 2140 0.166695
1551 171 1551 0.167660
2124 170 2124 0.168620
1577 170 2404 0.169580
1471 170 1471 0.170539
2404 170 1577 0.171499
2190 169 2190 0.172453
2460 169 2460 0.173407
2352 169 2352 0.174361
2655 168 2655 0.175309
2374 168 2069 0.176258
2069 168 2374 0.177206
2363 167 2363 0.178149
925 167 925 0.179092
2638 167 2638 0.180034
2328 166 2328 0.180971
2559 166 2559 0.181909
1367 166 1367 0.182846
2520 166 2520 0.183783
946 166 946 0.184720
1059 166 1059 0.185657
2423 165 2423 0.186588
1839 165 1839 0.187520
2598 164 2108 0.188446
2619 164 2578 0.189371
2578 164 2619 0.190297
2108 164 2598 0.191223
2054 163 2074 0.192143
2074 163 2054 0.193063
2283 162 2283 0.193978
2550 162 2550 0.194892
2549 161 2549 0.195801
2446 161 2446 0.196710
1918 161 1918 0.197619
1554 160 1554 0.198522
414 160 414 0.199425
2154 160 2154 0.200329
2112 160 2112 0.201232
2289 160 2289 0.202135
2482 160 2482 0.203038
2333 160 2333 0.203941
1184 159 2133 0.204839
1516 159 2121 0.205737
2133 159 1516 0.206634
2121 159 1184 0.207532
2020 158 2020 0.208424
2551 158 2551 0.209316
1185 158 1185 0.210208
2370 158 2370 0.211099
2308 157 2308 0.211986
2005 157 2005 0.212872
2253 157 2253 0.213758
2087 156 2087 0.214639
2561 156 2561 0.215520
2299 156 2299 0.216400
1736 156 1736 0.217281
1522 156 1522 0.218161
1813 156 1813 0.219042
2257 155 2095 0.219917
1718 155 2257 0.220792
2095 155 1718 0.221667
2276 154 2276 0.222536
2282 154 2282 0.223406
993 154 993 0.224275
2408 153 2408 0.225139
1986 153 1986 0.226003
2040 152 2040 0.226861
2573 152 2573 0.227719
1238 152 1238 0.228577
2504 152 2504 0.229435
2348 152 2348 0.230293
1799 152 1799 0.231151
2654 151 1557 0.232003
1929 151 2336 0.232856
1557 151 1929 0.233708
2336 151 2654 0.234561
1420 150 1420 0.235407
1879 150 1879 0.236254
1017 149 1017 0.237095
2187 149 2187 0.237936
2359 148 2359 0.238772
1604 148 1604 0.239607
2032 148 2032 0.240443
916 147 916 0.241273
2083 147 2083 0.242102
1146 147 1146 0.242932
2433 147 2433 0.243762
1331 146 1945 0.244586
2122 146 1662 0.245411
2430 146 2122 0.246235
1662 146 1331 0.247059
1945 146 2430 0.247883
2495 145 2495 0.248702
1603 145 1603 0.249520
1793 145 1793 0.250339
2546 144 2546 0.251152
2117 143 2117 0.251959
1076 143 1076 0.252766
1447 142 1447 0.253568
1107 142 2292 0.254369
2084 142 1006 0.255171
1132 142 1222 0.255973
1222 142 1132 0.256774
1006 142 2084 0.257576
2292 142 1107 0.258377
2575 141 2063 0.259173
2307 141 2307 0.259969
2068 141 2521 0.260765
2521 141 2068 0.261561
2063 141 2575 0.262357
2511 140 2511 0.263147
2212 140 2212 0.263938
2539 140 2539 0.264728
2153 140 2153 0.265518
2386 140 2386 0.266309
1717 139 1717 0.267093
2334 139 2334 0.267878
1153 139 1153 0.268663
2510 139 2510 0.269447
2138 138 2138 0.270226
2485 138 2485 0.271006
1669 137 2839 0.271779
1250 137 1361 0.272552
2839 137 1250 0.273326
1361 137 1669 0.274099
1598 136 1598 0.274867
1488 136 1488 0.275635
1329 136 1329 0.276402
2086 136 2086 0.277170
2509 136 2509 0.277938
2115 136 2115 0.278705
1256 135 1256 0.279468
1997 135 1997 0.280230
2555 135 2555 0.280992
2646 135 2646 0.281754
2469 135 2469 0.282516
2109 135 2109 0.283278
1926 134 2183 0.284034
376 134 136 0.284791
2183 134 376 0.285547
136 134 1926 0.286304
2216 133 2216 0.287055
2102 132 2102 0.287800
3363 132 3363 0.288545
2471 132 2471 0.289290
1456 132 1456 0.290035
1175 132 1175 0.290780
1791 131 1791 0.291520
1509 131 1757 0.292259
1816 131 2556 0.292999
2556 131 1816 0.293738
1757 131 1509 0.294478
2623 130 1902 0.295212
1902 130 2268 0.295946
917 130 2467 0.296680
1124 130 2279 0.297413
2279 130 917 0.298147
2467 130 2623 0.298881
2268 130 1124 0.299615
2072 129 2072 0.300343
2224 129 2224 0.301071
2261 129 2261 0.301800
2149 129 2149 0.302528
1335 128 1335 0.303250
1620 128 1620 0.303973
2642 128 2642 0.304696
980 128 980 0.305418
2165 128 2165 0.306141
2629 128 2629 0.306863
896 127 896 0.307580
1823 127 2463 0.308297
1665 127 1665 0.309014
2463 127 1823 0.309731
1269 126 1269 0.310442
1689 126 1689 0.311154
1925 126 1925 0.311865
2077 126 2077 0.312576
1750 126 1750 0.313287
2484 126 2484 0.313999
2302 125 2506 0.314704
1230 125 2327 0.315410
2592 125 1867 0.316116
1491 125 1467 0.316821
1467 125 2592 0.317527
1867 125 1230 0.318233
2327 125 2302 0.318938
2506 125 1491 0.319644
1341 124 1341 0.320344
1277 124 1277 0.321044
1570 124 1570 0.321744
2461 124 2461 0.322444
1683 124 1683 0.323144
1255 124 1255 0.323844
2329 124 2329 0.324544
2237 124 2237 0.325244
2071 123 1953 0.325938
1920 123 1668 0.326633
2046 123 2038 0.327327
2754 123 1101 0.328021
1079 123 1079 0.328716
1953 123 2071 0.329410
1101 123 1920 0.330104
2038 123 2046 0.330799
1668 123 2754 0.331493
475 122 475 0.332182
1330 122 1330 0.332870
1547 122 1547 0.333559
2247 122 2247 0.334248
3101 122 3101 0.334937
1761 122 1761 0.335625
1117 122 1117 0.336314
2294 122 2294 0.337003
2649 122 2649 0.337691
2319 122 2319 0.338380
2300 122 2300 0.339069
1004 121 1868 0.339752
2344 121 1783 0.340435
2125 121 2344 0.341118
2491 121 2125 0.341801
1868 121 1004 0.342484
1783 121 2491 0.343167
1959 120 1959 0.343845
2174 120 2174 0.344522
1267 120 1267 0.345199
1947 120 1947 0.345877
2241 120 2241 0.346554
1842 119 1849 0.347226
1849 119 3291 0.347898
3291 119 1842 0.348570
2176 118 2176 0.349236
1520 118 1520 0.349902
1608 117 2631 0.350562
2098 117 1125 0.351223
1617 117 2418 0.351883
2631 117 1600 0.352544
2567 117 1675 0.353204
1675 117 2567 0.353865
1600 117 1617 0.354525
2418 117 2098 0.355186
1125 117 1608 0.355846
2742 116 2742 0.356501
2180 116 2180 0.357156
2579 116 2579 0.357811
3082 116 3082 0.358465
637 116 637 0.359120
2223 116 2223 0.359775
428 115 1752 0.360424
2053 115 966 0.361073
2056 115 1721 0.361723
3397 115 947 0.362372
1173 115 3397 0.363021
947 115 2056 0.363670
1721 115 2053 0.364319
966 115 428 0.364969
1752 115 1173 0.365618
2477 114 2477 0.366261
1214 114 1214 0.366905
2189 114 2189 0.367548
1619 114 1619 0.368192
2617 114 2617 0.368836
1809 113 1809 0.369473
2306 113 1172 0.370111
3320 113 3426 0.370749
1291 113 2127 0.371387
2127 113 1291 0.372025
3426 113 3320 0.372663
1172 113 2306 0.373301
1243 112 1243 0.373933
1370 112 2039 0.374565
1416 112 2552 0.375198
1597 112 1563 0.375830
1563 112 1597 0.376462
2552 112 1416 0.377094
2039 112 1370 0.377727
2563 111 2563 0.378353
2451 111 2451 0.378980
2351 110 2351 0.379601
2169 110 2169 0.380222
2196 110 2196 0.380843
1191 110 1191 0.381464
2338 109 953 0.382079
2250 109 1735 0.382694
953 109 2194 0.383310
2419 109 1104 0.383925
1104 109 2419 0.384540
2194 109 2338 0.385156
1735 109 2250 0.385771
1465 108 1465 0.386381
1948 108 1948 0.386990
484 108 484 0.387600
2489 108 2489 0.388210
1302 108 1302 0.388819
3090 108 3090 0.389429
3830 108 3830 0.390039
2398 108 2398 0.390648
3434 107 967 0.391252
1712 107 2966 0.391856
3280 107 1864 0.392460
1204 107 1235 0.393064
2060 107 2060 0.393668
967 107 1204 0.394272
1235 107 3280 0.394876
1864 107 1712 0.395481
2966 107 3434 0.396085
921 106 921 0.396683
2944 106 2944 0.397281
1530 106 1530 0.397880
2532 106 2532 0.398478
1083 106 1083 0.399076
2052 106 2052 0.399675
2028 106 2028 0.400273
1048 106 1048 0.400872
1409 106 1409 0.401470
2597 105 1886 0.402063
2372 105 3232 0.402655
2512 105 2372 0.403248
1886 105 2512 0.403841
3232 105 2597 0.404434
2863 104 2863 0.405021
2877 104 2877 0.405608
960 104 960 0.406195
1305 104 1305 0.406782
978 104 978 0.407369
517 104 517 0.407956
1741 104 1741 0.408543
2213 103 2574 0.409125
2574 103 3116 0.409706
1789 103 2332 0.410288
2332 103 1789 0.410869
3116 103 2213 0.411451
353 102 1826 0.412026
1810 102 1459 0.412602
2951 102 1205 0.413178
1149 102 1898 0.413754
1826 102 3051 0.414330
2786 102 2143 0.414905
2143 102 2786 0.415481
3051 102 1149 0.416057
1898 102 2951 0.416633
1205 102 1810 0.417209
1459 102 353 0.417784
2203 101 2203 0.418355
1643 101 1643 0.418925
1845 101 1845 0.419495
2582 101 2582 0.420065
2986 101 2986 0.420635
2643 100 2616 0.421200
1861 100 2719 0.421764
1014 100 1163 0.422329
1334 100 1339 0.422893
1623 100 1623 0.423458
1339 100 1014 0.424022
1163 100 1334 0.424587
2719 100 2643 0.425151
2616 100 1861 0.425716
1637 99 1637 0.426275
412 99 412 0.426834
3078 99 3078 0.427392
1156 99 1156 0.427951
2608 99 2608 0.428510
2533 99 2533 0.429069
2793 99 2793 0.429628
2661 99 2661 0.430187
2458 99 2458 0.430746
1345 98 2508 0.431299
3387 98 1583 0.431852
2210 98 1128 0.432405
2782 98 526 0.432958
526 98 2210 0.433512
1128 98 3387 0.434065
1583 98 1345 0.434618
2508 98 2782 0.435171
2591 97 2669 0.435719
3026 97 2394 0.436267
1786 97 366 0.436814
1192 97 2475 0.437362
2669 97 1192 0.437909
2475 97 1786 0.438457
366 97 3026 0.439004
2394 97 2591 0.439552
1271 96 363 0.440094
363 96 997 0.440636
1964 96 2042 0.441178
2956 96 1483 0.441720
2462 96 2026 0.442262
2026 96 2956 0.442804
1483 96 2462 0.443346
2042 96 1271 0.443887
997 96 1964 0.444429
2778 95 2778 0.444966
1591 95 1591 0.445502
2537 95 2537 0.446038
1688 95 1688 0.446575
1003 95 1003 0.447111
2716 95 2716 0.447647
2246 95 2246 0.448183
1932 95 1932 0.448720
2132 94 2594 0.449250
1480 94 2377 0.449781
1954 94 2478 0.450312
373 94 2694 0.450842
2436 94 2179 0.451373
2498 94 2436 0.451904
2179 94 2132 0.452434
2594 94 373 0.452965
2694 94 1954 0.453495
2478 94 1480 0.454026
2377 94 2498 0.454557
1685 93 2554 0.455082
2499 93 1955 0.455607
2960 93 1242 0.456132
2554 93 2679 0.456657
1940 93 3330 0.457182
3330 93 1940 0.457707
2679 93 2960 0.458232
1242 93 2499 0.458757
1955 93 1685 0.459282
2906 92 563 0.459801
1288 92 2128 0.460320
2164 92 2927 0.460840
1609 92 3201 0.461359
2392 92 2392 0.461878
563 92 1609 0.462398
3201 92 2164 0.462917
2927 92 1288 0.463437
2128 92 2906 0.463956
3154 91 3154 0.464470
1344 91 1344 0.464983
3000 91 3000 0.465497
2273 91 2273 0.466011
2434 91 2434 0.466524
2588 91 2588 0.467038
606 91 606 0.467552
2915 91 2915 0.468066
2148 90 1605 0.468574
1472 90 3035 0.469082
1449 90 1322 0.469590
2254 90 2254 0.470098
1605 90 2148 0.470606
1322 90 1472 0.471114
3035 90 1449 0.471622
3417 89 3417 0.472124
2191 89 2191 0.472627
2730 89 2730 0.473129
513 89 513 0.473632
1573 89 1573 0.474134
2755 89 2755 0.474636
2890 89 2890 0.475139
2407 89 2407 0.475641
1181 89 1181 0.476144
1590 89 1590 0.476646
3150 89 3150 0.477149
1795 89 1795 0.477651
1989 88 1160 0.478148
1819 88 3033 0.478644
2516 88 3038 0.479141
2135 88 1819 0.479638
538 88 2135 0.480135
3033 88 2516 0.480632
1160 88 1989 0.481128
3038 88 538 0.481625
3076 87 3076 0.482116
3324 87 3324 0.482607
1290 87 1290 0.483098
2429 87 2429 0.483590
2916 87 2916 0.484081
2353 86 3596 0.484566
2928 86 1963 0.485052
566 86 3152 0.485537
3198 86 3252 0.486023
2151 86 3198 0.486508
3252 86 566 0.486994
3152 86 2928 0.487479
1963 86 2353 0.487965
3596 86 2151 0.488450
1380 85 2002 0.488930
1024 85 553 0.489410
1227 85 2750 0.489890
1289 85 1462 0.490369
3351 85 3348 0.490849
2134 85 2313 0.491329
2002 85 2134 0.491809
2313 85 3351 0.492289
3348 85 1289 0.492769
1462 85 1227 0.493248
2750 85 1024 0.493728
553 85 1380 0.494208
3132 84 952 0.494682
580 84 580 0.495156
1479 84 1388 0.495631
1359 84 3938 0.496105
2010 84 2738 0.496579
1272 84 2010 0.497053
2738 84 1359 0.497527
3938 84 1479 0.498002
1388 84 3132 0.498476
952 84 1272 0.498950
559 83 3054 0.499419
2777 83 2664 0.499887
2267 83 1893 0.500356
1580 83 2800 0.500824
3104 83 2849 0.501293
2757 83 2910 0.501761
497 83 1198 0.502230
500 83 2676 0.502698
3545 83 3545 0.503167
3054 83 500 0.503635
2676 83 497 0.504104
1198 83 2757 0.504573
2910 83 3104 0.505041
2849 83 1580 0.505510
2800 83 2267 0.505978
1893 83 2777 0.506447
2664 83 559 0.506915
2943 82 1871 0.507378
2833 82 2833 0.507841
1753 82 1049 0.508304
2161 82 1536 0.508767
1659 82 3350 0.509230
1628 82 934 0.509693
934 82 1659 0.510156
3350 82 2161 0.510618
1536 82 1753 0.511081
1049 82 2943 0.511544
1871 82 1628 0.512007
1075 81 1075 0.512464
1652 81 1652 0.512922
561 81 561 0.513379
1312 81 1312 0.513836
2420 81 2420 0.514293
2867 80 1729 0.514745
1661 80 3022 0.515197
3185 80 1026 0.515648
1729 80 1742 0.516100
1742 80 3185 0.516552
1026 80 1661 0.517003
3022 80 2867 0.517455
1737 79 1916 0.517901
1539 79 3226 0.518347
828 79 1358 0.518793
2925 79 2368 0.519239
1632 79 1899 0.519685
2589 79 2343 0.520131
2325 79 1029 0.520576
465 79 1032 0.521022
906 79 1939 0.521468
1939 79 465 0.521914
1032 79 2325 0.522360
1029 79 2589 0.522806
2343 79 1632 0.523252
1899 79 2925 0.523698
2368 79 1737 0.524144
1916 79 828 0.524590
1358 79 1539 0.525036
3226 79 906 0.525482
2399 78 2828 0.525922
3056 78 2683 0.526363
1639 78 1323 0.526803
3060 78 56 0.527243
2866 78 1070 0.527684
2144 78 2866 0.528124
1070 78 3060 0.528564
56 78 1639 0.529005
1323 78 3056 0.529445
2683 78 2399 0.529885
2828 78 2144 0.530326
1596 77 3347 0.530760
1636 77 2909 0.531195
2872 77 3084 0.531630
2472 77 999 0.532064
2901 77 395 0.532499
1280 77 3396 0.532934
3347 77 1280 0.533368
3396 77 2901 0.533803
395 77 2472 0.534238
999 77 2872 0.534672
3084 77 1636 0.535107
2909 77 1596 0.535542
67 76 3049 0.535971
2264 76 1209 0.536400
1067 76 3604 0.536829
3096 76 3096 0.537258
2058 76 3344 0.537687
2062 76 2501 0.538116
2501 76 2058 0.538545
3344 76 2062 0.538974
3604 76 67 0.539403
1209 76 1067 0.539832
3049 76 2264 0.540261
2748 75 2606 0.540684
2136 75 2913 0.541108
2315 75 2827 0.541531
927 75 3362 0.541955
2864 75 2864 0.542378
3362 75 927 0.542801
2606 75 2315 0.543225
2827 75 2136 0.543648
2913 75 2748 0.544071
2920 74 1653 0.544489
1231 74 1402 0.544907
1653 74 2905 0.545325
1347 74 3174 0.545742
271 74 1857 0.546160
3360 74 651 0.546578
1375 74 1375 0.546996
651 74 3360 0.547413
1857 74 271 0.547831
3174 74 1347 0.548249
2905 74 1231 0.548667
1402 74 2920 0.549084
1373 73 2873 0.549496
400 73 3339 0.549909
2973 73 2055 0.550321
2055 73 400 0.550733
3339 73 1373 0.551145
2873 73 2973 0.551557
3002 72 1475 0.551963
370 72 2391 0.552370
2904 72 322 0.552776
1611 72 3267 0.553183
1207 72 2653 0.553589
1538 72 3172 0.553996
506 72 1970 0.554402
2992 72 1703 0.554809
3195 72 2992 0.555215
1703 72 506 0.555621
1970 72 1538 0.556028
3172 72 1207 0.556434
1475 72 1611 0.556841
2653 72 2904 0.557247
3267 72 370 0.557654
322 72 3002 0.558060
2391 72 3195 0.558467
1298 71 1891 0.558867
1844 71 2969 0.559268
2862 71 438 0.559669
2232 71 3284 0.560070
3140 71 3277 0.560471
2101 71 713 0.560871
3120 71 1796 0.561272
1221 71 1614 0.561673
1470 71 431 0.562074
1891 71 1123 0.562475
2724 71 1470 0.562875
2969 71 2724 0.563276
438 71 1298 0.563677
3284 71 1844 0.564078
3277 71 2862 0.564479
713 71 2232 0.564879
1796 71 3140 0.565280
1614 71 2101 0.565681
431 71 3120 0.566082
1123 71 1221 0.566483
1110 70 1502 0.566878
3019 70 1972 0.567273
3406 70 3145 0.567668
2919 70 2445 0.568063
1528 70 2417 0.568458
1515 70 2674 0.568854
1502 70 3017 0.569249
2235 70 2869 0.569644
2869 70 2235 0.570039
3017 70 1515 0.570434
2674 70 1528 0.570829
2417 70 2919 0.571225
2445 70 3406 0.571620
3145 70 3019 0.572015
1972 70 1110 0.572410
2939 69 1540 0.572800
1523 69 2396 0.573189
2603 69 1644 0.573579
705 69 1135 0.573968
2911 69 525 0.574358
1040 69 3321 0.574747
1540 69 26 0.575137
25 69 2698 0.575526
3119 69 25 0.575916
2698 69 2939 0.576305
26 69 1040 0.576695
3321 69 2911 0.577084
525 69 705 0.577474
1135 69 2603 0.577863
1644 69 1523 0.578253
2396 69 3119 0.578642
2287 68 982 0.579026
1066 68 3113 0.579410
1261 68 374 0.579794
1338 68 544 0.580178
1282 68 698 0.580562
2438 68 3342 0.580945
982 68 3182 0.581329
3179 68 3179 0.581713
3182 68 2438 0.582097
3342 68 1282 0.582481
698 68 1338 0.582865
544 68 1261 0.583249
374 68 1066 0.583633
3113 68 2287 0.584016
641 67 1820 0.584395
3684 67 2689 0.584773
3302 67 2706 0.585151
1495 67 1351 0.585529
1574 67 1630 0.585908
3240 67 1130 0.586286
1028 67 1782 0.586664
1782 67 3240 0.587042
1130 67 1028 0.587420
1630 67 3684 0.587799
1351 67 641 0.588177
2706 67 1495 0.588555
1820 67 1574 0.588933
2689 67 3302 0.589312
995 66 1427 0.589684
1158 66 1366 0.590057
3149 66 2880 0.590429
2171 66 942 0.590802
1182 66 1287 0.591174
3247 66 2781 0.591547
1576 66 3027 0.591920
460 66 2304 0.592292
897 66 1765 0.592665
1085 66 805 0.593037
805 66 897 0.593410
1765 66 460 0.593782
2304 66 1576 0.594155
1427 66 3247 0.594528
3027 66 1182 0.594900
2781 66 2171 0.595273
1287 66 3149 0.595645
942 66 1158 0.596018
2880 66 995 0.596391
1366 66 1085 0.596763
1715 65 957 0.597130
3345 65 507 0.597497
2116 65 3098 0.597864
277 65 2364 0.598231
492 65 3633 0.598598
2994 65 1148 0.598965
3433 65 1056 0.599332
1973 65 21 0.599699
3335 65 1047 0.600065
957 65 252 0.600432
507 65 1715 0.600799
3098 65 3335 0.601166
2364 65 3345 0.601533
3633 65 2116 0.601900
1148 65 277 0.602267
1056 65 492 0.602634
21 65 2994 0.603001
1047 65 3433 0.603368
252 65 1973 0.603735
2536 64 1273 0.604096
3108 64 1994 0.604457
1426 64 567 0.604819
1320 64 1535 0.605180
1951 64 2940 0.605541
122 64 1100 0.605903
1877 64 514 0.606264
719 64 3064 0.606625
524 64 719 0.606986
1273 64 1877 0.607348
3064 64 122 0.607709
514 64 1951 0.608070
1100 64 1320 0.608432
2940 64 1426 0.608793
1535 64 3108 0.609154
567 64 2536 0.609515
1994 64 524 0.609877
1487 63 3274 0.610232
2988 63 2763 0.610588
1074 63 3256 0.610944
1340 63 2937 0.611299
417 63 1995 0.611655
932 63 3214 0.612011
1811 63 1340 0.612366
1052 63 3419 0.612722
3297 63 3117 0.613077
3233 63 1894 0.613433
2729 63 3233 0.613789
3274 63 2729 0.614144
2763 63 1487 0.614500
3256 63 2988 0.614856
2937 63 1074 0.615211
1995 63 417 0.615567
3214 63 932 0.615923
3419 63 1811 0.616278
3117 63 1052 0.616634
1894 63 3297 0.616990
2853 62 2666 0.617340
3366 62 983 0.617690
1457 62 3411 0.618040
119 62 3106 0.618390
3239 62 3070 0.618740
1709 62 3073 0.619090
378 62 3136 0.619440
3353 62 3332 0.619790
2666 62 2894 0.620140
2894 62 3353 0.620490
3332 62 378 0.620840
3136 62 1709 0.621190
3073 62 3239 0.621540
3070 62 119 0.621890
3106 62 1457 0.622240
3411 62 3366 0.622590
983 62 2853 0.622940
3146 61 3115 0.623284
456 61 3146 0.623628
3184 61 1423 0.623973
3756 61 3838 0.624317
1716 61 436 0.624661
1159 61 3169 0.625006
1691 61 1772 0.625350
2912 61 1129 0.625694
515 61 391 0.626039
1680 61 1021 0.626383
2991 61 1680 0.626727
3115 61 456 0.627072
1423 61 3184 0.627416
3838 61 3756 0.627760
436 61 1716 0.628105
3169 61 1159 0.628449
1772 61 1691 0.628794
1129 61 2912 0.629138
391 61 515 0.629482
1021 61 2991 0.629827
422 60 2001 0.630165
1413 60 3378 0.630504
3980 60 1505 0.630843
2936 60 3299 0.631181
2985 60 3293 0.631520
2465 60 1284 0.631859
1571 60 1237 0.632198
1080 60 2796 0.632536
2796 60 1571 0.632875
1237 60 2465 0.633214
1284 60 2985 0.633552
3293 60 2936 0.633891
3299 60 3980 0.634230
1505 60 1413 0.634568
3378 60 422 0.634907
2001 60 1080 0.635246
2780 59 2974 0.635579
1036 59 1724 0.635912
2243 59 239 0.636245
2280 59 2946 0.636578
3851 59 3948 0.636911
2974 59 3851 0.637244
3948 59 2280 0.637577
2946 59 2243 0.637910
239 59 1036 0.638243
1724 59 2780 0.638577
2989 58 2215 0.638904
2659 58 503 0.639231
2810 58 203 0.639559
1824 58 542 0.639886
1020 58 3521 0.640214
1019 58 3263 0.640541
824 58 1201 0.640868
1504 58 1009 0.641196
1525 58 1504 0.641523
1009 58 1525 0.641851
1201 58 2989 0.642178
3263 58 2659 0.642506
3521 58 2810 0.642833
542 58 1824 0.643160
203 58 1020 0.643488
2215 58 1019 0.643815
503 58 824 0.644143
745 57 2741 0.644464
3611 57 402 0.644786
423 57 3162 0.645108
1754 57 9 0.645430
1980 57 1275 0.645751
1166 57 315 0.646073
1469 57 419 0.646395
2773 57 200 0.646717
2815 57 1828 0.647039
1923 57 747 0.647360
1082 57 1655 0.647682
1794 57 1794 0.648004
2385 57 1082 0.648326
1655 57 745 0.648647
747 57 3611 0.648969
1828 57 423 0.649291
200 57 1754 0.649613
419 57 1980 0.649935
315 57 1166 0.650256
1275 57 1469 0.650578
9 57 2773 0.650900
3162 57 2815 0.651222
402 57 1923 0.651543
2741 57 2385 0.651865
3877 56 1722 0.652181
1645 56 1432 0.652497
2538 56 1437 0.652814
1876 56 3142 0.653130
1435 56 954 0.653446
493 56 2284 0.653762
3495 56 1099 0.654078
2993 56 2640 0.654394
823 56 2993 0.654710
2640 56 3495 0.655026
1099 56 3877 0.655343
1722 56 493 0.655659
2284 56 1435 0.655975
954 56 1876 0.656291
3142 56 2538 0.656607
1437 56 1645 0.656923
1432 56 823 0.657239
1257 55 1927 0.657550
1285 55 432 0.657860
1292 55 2365 0.658171
3224 55 2198 0.658481
1112 55 1998 0.658792
830 55 2018 0.659102
1981 55 1542 0.659413
1919 55 2620 0.659723
2259 55 3261 0.660034
2285 55 304 0.660344
408 55 1336 0.660655
3077 55 2126 0.660965
1927 55 3077 0.661276
432 55 1257 0.661586
2365 55 1285 0.661897
2198 55 1292 0.662207
1998 55 3224 0.662517
2018 55 1112 0.662828
1542 55 830 0.663138
2620 55 1981 0.663449
3261 55 1919 0.663759
304 55 2259 0.664070
1336 55 2285 0.664380
2126 55 408 0.664691
2645 54 941 0.664996
1862 54 3381 0.665301
2945 54 2717 0.665605
3065 54 2547 0.665910
3025 54 3355 0.666215
694 54 975 0.666520
3220 54 1473 0.666825
2211 54 1396 0.667130
2897 54 1369 0.667434
2293 54 1054 0.667739
1219 54 3220 0.668044
941 54 1862 0.668349
3381 54 1219 0.668654
2717 54 2945 0.668959
2547 54 3065 0.669263
3355 54 3025 0.669568
975 54 694 0.669873
1473 54 2645 0.670178
1396 54 2211 0.670483
1369 54 2897 0.670788
1054 54 2293 0.671092
2931 53 1881 0.671392
2749 53 3029 0.671691
2031 53 3004 0.671990
2024 53 1393 0.672289
2657 53 1587 0.672588
3416 53 461 0.672888
3403 53 3385 0.673187
1881 53 3391 0.673486
2680 53 3403 0.673785
3391 53 3416 0.674084
3385 53 2657 0.674384
461 53 2024 0.674683
1587 53 2031 0.674982
1393 53 2749 0.675281
3004 53 2931 0.675580
3029 53 2680 0.675880
3111 52 781 0.676173
3089 52 2345 0.676467
3085 52 1454 0.676760
3577 52 3158 0.677054
1448 52 1513 0.677347
3386 52 2006 0.677641
1102 52 697 0.677934
2753 52 930 0.678228
2875 52 3386 0.678521
781 52 2753 0.678815
2345 52 2875 0.679109
1454 52 3089 0.679402
3158 52 3085 0.679696
1513 52 3577 0.679989
2006 52 1448 0.680283
697 52 3111 0.680576
930 52 1102 0.680870
3188 51 3087 0.681158
1018 51 2226 0.681446
2610 51 1060 0.681734
1807 51 3253 0.682021
404 51 1120 0.682309
2743 51 3040 0.682597
1882 51 3456 0.682885
2311 51 3107 0.683173
1379 51 1725 0.683461
3206 51 1379 0.683749
1725 51 2311 0.684037
3107 51 3206 0.684325
3087 51 1882 0.684613
3456 51 2743 0.684900
3040 51 404 0.685188
1120 51 1807 0.685476
3253 51 2610 0.685764
1060 51 1018 0.686052
2226 51 3188 0.686340
1092 50 3052 0.686622
2387 50 2004 0.686904
1647 50 3047 0.687187
3677 50 3327 0.687469
2896 50 2022 0.687751
3824 50 2806 0.688033
1692 50 1404 0.688316
2202 50 1405 0.688598
2367 50 1935 0.688880
3021 50 2378 0.689162
1751 50 3501 0.689445
1872 50 1482 0.689727
2665 50 520 0.690009
1616 50 2367 0.690292
3052 50 2665 0.690574
2004 50 1616 0.690856
3047 50 1092 0.691138
3327 50 2387 0.691421
2022 50 1647 0.691703
2806 50 3677 0.691985
1404 50 2896 0.692267
1405 50 3824 0.692550
1935 50 1692 0.692832
2378 50 2202 0.693114
3501 50 3021 0.693396
1482 50 1751 0.693679
520 50 1872 0.693961
1734 49 3800 0.694237
2137 49 3102 0.694514
1327 49 1991 0.694791
1195 49 2390 0.695067
1841 49 1723 0.695344
2447 49 1863 0.695621
2609 49 3137 0.695897
3435 49 3734 0.696174
3804 49 2473 0.696450
2003 49 3288 0.696727
2720 49 3364 0.697004
3793 49 3584 0.697280
98 49 1549 0.697557
1068 49 1720 0.697833
2652 49 1122 0.698110
3384 49 2258 0.698387
2787 49 1734 0.698663
3800 49 3384 0.698940
3102 49 2787 0.699216
1991 49 2137 0.699493
2390 49 1327 0.699770
1723 49 1195 0.700046
1863 49 1841 0.700323
3137 49 2447 0.700600
3734 49 2609 0.700876
2473 49 3435 0.701153
3288 49 2003 0.701429
3364 49 2720 0.701706
3584 49 3793 0.701983
1549 49 98 0.702259
1720 49 1068 0.702536
1122 49 2652 0.702812
2258 49 3804 0.703089
2929 48 2648 0.703360
556 48 389 0.703631
2950 48 2330 0.703902
2518 48 1041 0.704173
2075 48 188 0.704444
1303 48 3168 0.704715
2061 48 3265 0.704986
3287 48 2647 0.705257
1569 48 1496 0.705528
3506 48 1732 0.705799
1293 48 3506 0.706070
2159 48 2518 0.706341
2648 48 2929 0.706612
389 48 556 0.706883
2330 48 2950 0.707154
1041 48 2075 0.707424
188 48 1303 0.707695
3168 48 2061 0.707966
3265 48 3287 0.708237
2647 48 1569 0.708508
1496 48 2159 0.708779
1732 48 1293 0.709050
1485 47 170 0.709316
3672 47 981 0.709581
3971 47 397 0.709846
2874 47 3204 0.710112
199 47 1113 0.710377
3966 47 1229 0.710642
1770 47 3258 0.710908
285 47 3930 0.711173
2765 47 444 0.711438
3488 47 1914 0.711703
3593 47 1259 0.711969
3448 47 1217 0.712234
724 47 902 0.712499
170 47 3448 0.712765
981 47 724 0.713030
397 47 1485 0.713295
3204 47 3672 0.713561
1113 47 3971 0.713826
1229 47 2874 0.714091
3258 47 199 0.714357
902 47 1770 0.714622
3930 47 285 0.714887
444 47 2765 0.715153
1914 47 3488 0.715418
1259 47 3593 0.715683
1217 47 3966 0.715949
3072 46 2322 0.716208
3114 46 3365 0.716468
2758 46 591 0.716728
2583 46 959 0.716987
3790 46 527 0.717247
3295 46 2479 0.717507
1389 46 2449 0.717766
596 46 1832 0.718026
1460 46 3968 0.718286
2009 46 1859 0.718545
2222 46 2459 0.718805
1051 46 545 0.719065
2322 46 3114 0.719324
3365 46 1051 0.719584
591 46 3072 0.719844
959 46 2758 0.720103
527 46 2583 0.720363
2479 46 3790 0.720623
2449 46 3295 0.720882
1832 46 1389 0.721142
3968 46 596 0.721402
1859 46 1460 0.721661
2459 46 2009 0.721921
545 46 2222 0.722181
1155 45 2681 0.722435
2576 45 3412 0.722689
2361 45 1179 0.722943
2881 45 1180 0.723197
1702 45 2756 0.723451
272 45 3298 0.723705
1565 45 3449 0.723959
924 45 827 0.724213
2681 45 688 0.724467
3442 45 924 0.724721
688 45 1565 0.724975
827 45 272 0.725229
3449 45 1702 0.725483
3298 45 2881 0.725737
2756 45 2361 0.725991
1180 45 2576 0.726245
1179 45 1155 0.726499
3412 45 3442 0.726753
40 44 2785 0.727002
186 44 2712 0.727250
3906 44 1398 0.727499
2027 44 2955 0.727747
3758 44 2835 0.727995
3272 44 2970 0.728244
913 44 3118 0.728492
1315 44 2239 0.728740
1812 44 523 0.728989
853 44 3680 0.729237
3586 44 3758 0.729486
1279 44 3586 0.729734
2785 44 1279 0.729982
2712 44 186 0.730231
1398 44 3906 0.730479
2955 44 2027 0.730728
2835 44 40 0.730976
2970 44 3272 0.731224
3118 44 913 0.731473
2239 44 1315 0.731721
523 44 1812 0.731969
3680 44 853 0.732218
2502 43 1687 0.732461
1108 43 1960 0.732703
463 43 1215 0.732946
3014 43 3034 0.733189
280 43 1236 0.733432
1545 43 3369 0.733674
2092 43 3797 0.733917
703 43 3005 0.734160
1572 43 439 0.734403
834 43 360 0.734645
2110 43 1309 0.734888
3926 43 2145 0.735131
142 43 332 0.735373
504 43 1108 0.735616
1687 43 504 0.735859
1215 43 2502 0.736102
3034 43 463 0.736344
1236 43 3014 0.736587
3369 43 280 0.736830
3797 43 1545 0.737073
3005 43 703 0.737315
439 43 142 0.737558
360 43 3926 0.737801
1309 43 2110 0.738044
2145 43 834 0.738286
332 43 1572 0.738529
1960 43 2092 0.738772
3011 42 3902 0.739009
3257 42 2871 0.739246
1332 42 3640 0.739483
1831 42 984 0.739720
1699 42 1258 0.739957
1365 42 3576 0.740194
1374 42 2958 0.740432
452 42 1349 0.740669
2057 42 2225 0.740906
1706 42 1851 0.741143
1529 42 1706 0.741380
3902 42 1529 0.741617
1851 42 3011 0.741854
2225 42 3257 0.742091
1349 42 1332 0.742328
2958 42 1831 0.742565
3576 42 1699 0.742802
1258 42 1365 0.743040
984 42 1374 0.743277
3640 42 452 0.743514
2871 42 2057 0.743751
2976 41 2633 0.743982
1382 41 2627 0.744214
3842 41 3924 0.744445
2192 41 2147 0.744677
172 41 695 0.744908
1909 41 1582 0.745140
1873 41 2770 0.745371
2914 41 1524 0.745602
3514 41 592 0.745834
1281 41 2221 0.746065
988 41 1318 0.746297
3207 41 3296 0.746528
3238 41 3097 0.746760
2415 41 2155 0.746991
3177 41 3514 0.747223
2633 41 2415 0.747454
2627 41 3177 0.747685
3924 41 1382 0.747917
2147 41 3842 0.748148
695 41 2192 0.748380
1582 41 172 0.748611
2770 41 1909 0.748843
1524 41 1873 0.749074
592 41 2976 0.749306
2221 41 1281 0.749537
1318 41 988 0.749769
3296 41 3207 0.750000
3097 41 3238 0.750231
2155 41 2914 0.750463
3731 40 531 0.750689
3737 40 2242 0.750915
1245 40 1766 0.751140
496 40 968 0.751366
1774 40 1210 0.751592
537 40 3316 0.751818
3196 40 1673 0.752044
323 40 2011 0.752269
1903 40 113 0.752495
3422 40 1976 0.752721
2887 40 2585 0.752947
325 40 784 0.753173
3301 40 1324 0.753398
2932 40 2921 0.753624
3191 40 1921 0.753850
1843 40 2924 0.754076
531 40 3191 0.754302
2242 40 3731 0.754527
1766 40 3737 0.754753
968 40 1245 0.754979
1210 40 496 0.755205
3316 40 1774 0.755431
1673 40 537 0.755656
2011 40 3196 0.755882
113 40 1903 0.756108
1976 40 3422 0.756334
2585 40 2887 0.756560
784 40 325 0.756785
1324 40 3301 0.757011
2921 40 2932 0.757237
1921 40 1843 0.757463
2924 40 323 0.757689
579 39 3219 0.757909
213 39 630 0.758129
3605 39 2488 0.758349
1532 39 2494 0.758569
1001 39 856 0.758789
815 39 392 0.759010
1911 39 1595 0.759230
1595 39 3962 0.759450
3079 39 2996 0.759670
2157 39 1957 0.759890
1790 39 355 0.760110
1942 39 2865 0.760331
1190 39 1778 0.760551
1931 39 948 0.760771
3219 39 1190 0.760991
630 39 1931 0.761211
2488 39 579 0.761431
2494 39 213 0.761652
856 39 3605 0.761872
392 39 1532 0.762092
3962 39 1001 0.762312
2996 39 1911 0.762532
1957 39 3079 0.762752
355 39 2157 0.762972
2865 39 1790 0.763193
1778 39 1942 0.763413
948 39 815 0.763633
2129 38 1348 0.763847
819 38 1634 0.764062
752 38 2636 0.764277
898 38 2297 0.764491
3873 38 1682 0.764706
1260 38 479 0.764920
261 38 2107 0.765135
820 38 2728 0.765349
1787 38 2660 0.765564
3455 38 1837 0.765778
3036 38 430 0.765993
2675 38 2823 0.766207
1550 38 3705 0.766422
1109 38 3702 0.766636
1548 38 1733 0.766851
1114 38 3674 0.767065
388 38 1304 0.767280
2672 38 2097 0.767494
555 38 3086 0.767709
728 38 1429 0.767923
3558 38 169 0.768138
3395 38 3692 0.768352
1189 38 3166 0.768567
1846 38 1189 0.768781
2823 38 2129 0.768996
1837 38 819 0.769210
2660 38 752 0.769425
430 38 898 0.769639
2728 38 3873 0.769854
2107 38 1260 0.770068
479 38 261 0.770283
1682 38 820 0.770497
2297 38 1787 0.770712
2636 38 3455 0.770926
1634 38 3036 0.771141
1348 38 2675 0.771356
3705 38 1109 0.771570
3702 38 1846 0.771785
1733 38 3395 0.771999
3674 38 3558 0.772214
1304 38 1550 0.772428
2097 38 728 0.772643
3086 38 555 0.772857
1429 38 2672 0.773072
169 38 388 0.773286
3692 38 1114 0.773501
3166 38 1548 0.773715
3228 37 3629 0.773924
1895 37 944 0.774133
1626 37 3829 0.774342
1517 37 313 0.774551
1553 37 455 0.774760
557 37 2416 0.774968
1392 37 1744 0.775177
3303 37 1360 0.775386
2662 37 2318 0.775595
236 37 2639 0.775804
774 37 109 0.776013
1037 37 1371 0.776222
3020 37 1507 0.776430
1407 37 842 0.776639
3399 37 2236 0.776848
800 37 3860 0.777057
2718 37 936 0.777266
1343 37 2049 0.777475
3625 37 3046 0.777684
1355 37 3228 0.777893
1740 37 1355 0.778101
3629 37 1740 0.778310
944 37 1895 0.778519
3829 37 1626 0.778728
313 37 1517 0.778937
455 37 1553 0.779146
2416 37 557 0.779355
1744 37 1392 0.779564
1360 37 3303 0.779772
2318 37 2662 0.779981
2639 37 236 0.780190
109 37 1037 0.780399
1371 37 3020 0.780608
1507 37 1407 0.780817
842 37 3399 0.781026
2236 37 800 0.781234
3860 37 2718 0.781443
936 37 1343 0.781652
2049 37 3625 0.781861
3046 37 774 0.782070
1767 36 1015 0.782273
3331 36 2209 0.782476
387 36 2406 0.782680
1987 36 2231 0.782883
1897 36 1278 0.783086
3525 36 1097 0.783289
394 36 2476 0.783493
3528 36 3213 0.783696
1666 36 2379 0.783899
291 36 1010 0.784102
1975 36 2425 0.784305
1848 36 1216 0.784509
1578 36 2317 0.784712
1677 36 1115 0.784915
2658 36 118 0.785118
1170 36 1337 0.785322
2346 36 726 0.785525
2366 36 773 0.785728
2371 36 2854 0.785931
1446 36 2529 0.786134
1010 36 2371 0.786338
2379 36 1446 0.786541
3213 36 1767 0.786744
2476 36 3331 0.786947
1097 36 387 0.787151
1278 36 1987 0.787354
2231 36 1897 0.787557
2406 36 3525 0.787760
2209 36 394 0.787963
1015 36 3528 0.788167
2425 36 1666 0.788370
1216 36 1975 0.788573
2317 36 291 0.788776
1115 36 2366 0.788980
118 36 2346 0.789183
1337 36 1170 0.789386
726 36 2658 0.789589
773 36 1677 0.789792
2854 36 1578 0.789996
2529 36 1848 0.790199
1246 35 1649 0.790397
2397 35 3568 0.790594
3529 35 570 0.790792
82 35 3212 0.790989
2751 35 2525 0.791187
3346 35 3304 0.791384
1686 35 3023 0.791582
1226 35 3129 0.791780
1968 35 1878 0.791977
2637 35 1533 0.792175
3810 35 1514 0.792372
1624 35 2519 0.792570
766 35 3400 0.792767
989 35 3135 0.792965
604 35 1118 0.793163
2274 35 915 0.793360
1555 35 3951 0.793558
3794 35 2337 0.793755
3001 35 2637 0.793953
2337 35 3001 0.794151
1649 35 1246 0.794348
3568 35 2397 0.794546
570 35 3529 0.794743
3212 35 82 0.794941
2525 35 2751 0.795138
3304 35 3346 0.795336
3023 35 1686 0.795534
3129 35 1226 0.795731
1878 35 1968 0.795929
1533 35 3810 0.796126
1514 35 1624 0.796324
2519 35 766 0.796521
3400 35 989 0.796719
3135 35 604 0.796917
1118 35 2274 0.797114
915 35 1555 0.797312
3951 35 3794 0.797509
1656 34 2440 0.797701
1694 34 2708 0.797893
2029 34 2953 0.798085
1635 34 368 0.798277
1425 34 669 0.798469
2091 34 1452 0.798661
2772 34 3884 0.798853
1999 34 2448 0.799045
1638 34 3540 0.799237
2335 34 342 0.799429
971 34 420 0.799621
2668 34 2296 0.799813
3100 34 1512 0.800005
3945 34 3900 0.800196
780 34 1183 0.800388
1438 34 3250 0.800580
1313 34 3187 0.800772
1408 34 482 0.800964
1798 34 409 0.801156
1958 34 2626 0.801348
901 34 829 0.801540
903 34 903 0.801732
829 34 1656 0.801924
420 34 1694 0.802116
342 34 2029 0.802308
3540 34 1635 0.802500
2448 34 1425 0.802692
3884 34 2091 0.802884
2708 34 2772 0.803075
2440 34 1999 0.803267
368 34 1638 0.803459
669 34 2335 0.803651
2953 34 971 0.803843
2296 34 3100 0.804035
1512 34 2668 0.804227
3900 34 901 0.804419
1183 34 1958 0.804611
3250 34 1798 0.804803
3187 34 1408 0.804995
482 34 1313 0.805187
409 34 1438 0.805379
2626 34 780 0.805571
1452 34 3945 0.805763
1333 33 2977 0.805949
2850 33 3687 0.806135
3722 33 3599 0.806321
2840 33 1534 0.806508
2745 33 3518 0.806694
963 33 1567 0.806880
1350 33 1458 0.807067
1136 33 1519 0.807253
398 33 2067 0.807439
1142 33 2783 0.807625
3123 33 1541 0.807812
2000 33 3542 0.807998
1283 33 487 0.808184
654 33 3617 0.808371
1188 33 1508 0.808557
434 33 1543 0.808743
3841 33 3553 0.808929
3234 33 1283 0.809116
683 33 3234 0.809302
2977 33 1333 0.809488
3687 33 2850 0.809675
3599 33 3722 0.809861
1534 33 2840 0.810047
3518 33 2745 0.810233
1567 33 963 0.810420
1458 33 1350 0.810606
1519 33 1136 0.810792
2067 33 398 0.810979
2783 33 3123 0.811165
1541 33 2000 0.811351
3542 33 1142 0.811538
487 33 654 0.811724
3617 33 1188 0.811910
1508 33 434 0.812096
1543 33 3841 0.812283
3553 33 683 0.812469
3782 32 573 0.812650
810 32 1601 0.812830
3651 32 2393 0.813011
3010 32 2715 0.813192
1444 32 2228 0.813372
1763 32 908 0.813553
548 32 3826 0.813733
104 32 367 0.813914
1316 32 3255 0.814095
547 32 3858 0.814275
1880 32 1012 0.814456
3869 32 614 0.814637
3947 32 3062 0.814817
1884 32 473 0.814998
3313 32 3475 0.815179
1011 32 1131 0.815359
2411 32 1378 0.815540
1593 32 969 0.815721
1606 32 1671 0.815901
2907 32 1727 0.816082
1806 32 1728 0.816262
3833 32 3651 0.816443
2412 32 3833 0.816624
1012 32 2412 0.816804
3858 32 810 0.816985
3255 32 3782 0.817166
367 32 3010 0.817346
3826 32 1444 0.817527
908 32 1763 0.817708
2228 32 548 0.817888
2715 32 104 0.818069
2393 32 1316 0.818250
1601 32 547 0.818430
573 32 1880 0.818611
614 32 3947 0.818791
3062 32 3869 0.818972
473 32 1806 0.819153
3475 32 2907 0.819333
1131 32 1606 0.819514
1378 32 1593 0.819695
969 32 2411 0.819875
1671 32 1011 0.820056
1727 32 3313 0.820237
1728 32 1884 0.820417
1406 31 1818 0.820592
471 31 2841 0.820767
2540 31 609 0.820942
3248 31 2836 0.821117
1265 31 53 0.821292
3394 31 3557 0.821467
3918 31 1910 0.821642
1357 31 3264 0.821817
13 31 511 0.821992
2613 31 3464 0.822167
2713 31 1307 0.822342
1451 31 3259 0.822517
1468 31 3203 0.822692
2690 31 2021 0.822867
2739 31 1299 0.823042
2711 31 1300 0.823217
992 31 3341 0.823392
2163 31 3377 0.823567
696 31 1866 0.823742
2557 31 1406 0.823917
1818 31 2557 0.824092
2841 31 471 0.824267
609 31 2540 0.824442
2836 31 3248 0.824617
53 31 1265 0.824792
3557 31 3394 0.824967
1910 31 3918 0.825142
3264 31 1357 0.825317
511 31 13 0.825492
3464 31 2713 0.825667
1307 31 696 0.825842
3259 31 2163 0.826017
3203 31 992 0.826192
2021 31 2711 0.826367
1299 31 2690 0.826542
1300 31 2613 0.826717
3341 31 1451 0.826892
3377 31 2739 0.827067
1866 31 1468 0.827242
1695 30 3921 0.827412
718 30 560 0.827581
3721 30 3693 0.827750
2544 30 3160 0.827920
1511 30 3018 0.828089
2832 30 2035 0.828258
1904 30 754 0.828428
2355 30 2571 0.828597
760 30 546 0.828766
3738 30 3526 0.828936
3486 30 1785 0.829105
1225 30 3822 0.829274
2999 30 329 0.829444
1081 30 922 0.829613
1907 30 2085 0.829783
1415 30 1436 0.829952
2173 30 3148 0.830121
849 30 3124 0.830291
211 30 211 0.830460
2025 30 849 0.830629
560 30 2025 0.830799
3693 30 1695 0.830968
3160 30 718 0.831137
3018 30 3721 0.831307
2035 30 2544 0.831476
754 30 1511 0.831645
2571 30 2832 0.831815
546 30 1904 0.831984
3526 30 2355 0.832154
3921 30 3738 0.832323
1785 30 3486 0.832492
3822 30 1225 0.832662
329 30 2999 0.832831
922 30 1081 0.833000
2085 30 1907 0.833170
1436 30 1415 0.833339
3148 30 2173 0.833508
3124 30 760 0.833678
1858 29 3275 0.833841
1850 29 1500 0.834005
919 29 3764 0.834169
2530 29 3750 0.834333
2673 29 1232 0.834496
1944 29 1497 0.834660
3886 29 3468 0.834824
3415 29 2731 0.834987
708 29 3711 0.835151
1568 29 2234 0.835315
739 29 2303 0.835478
1137 29 990 0.835642
1116 29 645 0.835806
3016 29 2892 0.835970
1025 29 2673 0.836133
938 29 2844 0.836297
787 29 2843 0.836461
2272 29 1825 0.836624
512 29 1428 0.836788
1044 29 512 0.836952
3711 29 1044 0.837116
2731 29 1858 0.837279
3468 29 1850 0.837443
1497 29 919 0.837607
1232 29 2530 0.837770
3750 29 1944 0.837934
3764 29 3886 0.838098
1500 29 3415 0.838262
3275 29 708 0.838425
2234 29 739 0.838589
2303 29 1568 0.838753
990 29 2272 0.838916
645 29 787 0.839080
2892 29 938 0.839244
2844 29 1025 0.839407
2843 29 3016 0.839571
1825 29 1116 0.839735
1428 29 1137 0.839899
2350 28 3237 0.840057
2612 28 3080 0.840215
764 28 2761 0.840373
1642 28 3225 0.840531
1875 28 3828 0.840689
3460 28 3825 0.840847
687 28 3231 0.841005
1885 28 2389 0.841163
3260 28 2684 0.841321
2342 28 334 0.841479
2829 28 2784 0.841637
128 28 653 0.841795
3469 28 2628 0.841953
224 28 1503 0.842112
141 28 1167 0.842270
488 28 2768 0.842428
3730 28 1440 0.842586
3728 28 2432 0.842744
1453 28 3728 0.842902
3237 28 2350 0.843060
3080 28 2612 0.843218
2761 28 764 0.843376
2432 28 1642 0.843534
3225 28 1875 0.843692
3828 28 3460 0.843850
3825 28 687 0.844008
3231 28 1885 0.844166
2389 28 3260 0.844324
2684 28 2829 0.844482
334 28 128 0.844641
2784 28 3469 0.844799
653 28 224 0.844957
2628 28 141 0.845115
1503 28 1453 0.845273
1167 28 488 0.845431
2768 28 3730 0.845589
1440 28 2342 0.845747
3718 27 2987 0.845899
369 27 1106 0.846052
3740 27 2846 0.846204
2214 27 1381 0.846357
3559 27 1039 0.846509
346 27 3285 0.846661
2435 27 1821 0.846814
3590 27 1164 0.846966
2705 27 1679 0.847119
312 27 1667 0.847271
840 27 1319 0.847424
223 27 445 0.847576
3041 27 680 0.847728
2480 27 2908 0.847881
3635 27 3243 0.848033
265 27 964 0.848186
3907 27 2813 0.848338
339 27 1064 0.848490
2644 27 962 0.848643
2156 27 2797 0.848795
847 27 396 0.848948
3609 27 770 0.849100
994 27 1494 0.849253
481 27 1705 0.849405
1847 27 3193 0.849557
2775 27 3176 0.849710
1310 27 3041 0.849862
1758 27 3590 0.850015
680 27 3718 0.850167
445 27 369 0.850320
1319 27 3740 0.850472
1667 27 2214 0.850624
1679 27 3559 0.850777
1164 27 346 0.850929
1821 27 2435 0.851082
3285 27 2705 0.851234
1039 27 312 0.851386
1381 27 840 0.851539
2846 27 223 0.851691
1106 27 1758 0.851844
2987 27 2480 0.851996
2908 27 265 0.852149
3243 27 1310 0.852301
964 27 2775 0.852453
2813 27 1847 0.852606
1064 27 481 0.852758
962 27 994 0.852911
2797 27 3609 0.853063
396 27 3635 0.853215
770 27 2156 0.853368
1494 27 2644 0.853520
1705 27 339 0.853673
3193 27 3907 0.853825
3176 27 847 0.853978
3821 26 1035 0.854124
814 26 2701 0.854271
3466 26 1464 0.854418
3273 26 185 0.854565
1196 26 3569 0.854711
1072 26 797 0.854858
510 26 2497 0.855005
1212 26 3690 0.855152
1803 26 3221 0.855299
2734 26 2663 0.855445
977 26 415 0.855592
3870 26 727 0.855739
1781 26 3835 0.855886
3867 26 359 0.856032
62 26 3319 0.856179
2341 26 1493 0.856326
324 26 3710 0.856473
1314 26 2474 0.856619
2566 26 1900 0.856766
1274 26 619 0.856913
2845 26 3713 0.857060
678 26 3714 0.857207
2065 26 354 0.857353
1306 26 1165 0.857500
458 26 731 0.857647
1743 26 3440 0.857794
1738 26 3867 0.857940
3835 26 1743 0.858087
727 26 1738 0.858234
415 26 3821 0.858381
2663 26 814 0.858528
1035 26 3466 0.858674
3221 26 3273 0.858821
3690 26 1196 0.858968
2497 26 1072 0.859115
797 26 510 0.859261
3569 26 1212 0.859408
185 26 1803 0.859555
1464 26 2734 0.859702
2701 26 977 0.859848
359 26 3870 0.859995
3319 26 62 0.860142
1493 26 1781 0.860289
3710 26 458 0.860436
2474 26 1306 0.860582
1900 26 2065 0.860729
619 26 678 0.860876
3713 26 2845 0.861023
3714 26 1274 0.861169
354 26 2566 0.861316
1165 26 1314 0.861463
731 26 324 0.861610
3440 26 2341 0.861757
3081 25 3211 0.861898
232 25 451 0.862039
1556 25 3969 0.862180
1296 25 1681 0.862321
2812 25 644 0.862462
583 25 3170 0.862603
3480 25 601 0.862744
1704 25 2362 0.862886
2044 25 1674 0.863027
3636 25 161 0.863168
2978 25 1592 0.863309
297 25 158 0.863450
862 25 1672 0.863591
3471 25 2427 0.863732
1321 25 3379 0.863873
738 25 3390 0.864015
1625 25 1764 0.864156
519 25 1836 0.864297
617 25 3215 0.864438
3279 25 1769 0.864579
1648 25 3831 0.864720
3753 25 1095 0.864861
2764 25 933 0.865002
636 25 421 0.865144
3505 25 2023 0.865285
3706 25 3178 0.865426
1561 25 3943 0.865567
1592 25 3706 0.865708
158 25 1561 0.865849
1672 25 3081 0.865990
161 25 232 0.866132
1674 25 1556 0.866273
2362 25 1296 0.866414
601 25 2812 0.866555
3170 25 583 0.866696
644 25 3480 0.866837
1681 25 1704 0.866978
3969 25 2044 0.867119
451 25 3636 0.867261
3211 25 2978 0.867402
2427 25 297 0.867543
3379 25 3471 0.867684
3390 25 862 0.867825
1764 25 3505 0.867966
1836 25 636 0.868107
3215 25 2764 0.868248
1769 25 3753 0.868390
3831 25 1648 0.868531
1095 25 3279 0.868672
933 25 617 0.868813
421 25 519 0.868954
2023 25 1625 0.869095
3178 25 738 0.869236
3943 25 1321 0.869377
3337 24 1311 0.869513
792 24 2686 0.869648
3891 24 658 0.869784
1421 24 1660 0.869919
3578 24 72 0.870055
3262 24 1139 0.870190
2160 24 3463 0.870326
3209 24 2795 0.870461
3927 24 1247 0.870597
627 24 308 0.870732
2984 24 958 0.870868
2581 24 41 0.871003
1988 24 1419 0.871139
600 24 662 0.871274
242 24 1618 0.871410
249 24 3643 0.871545
817 24 2383 0.871681
2702 24 3956 0.871816
1171 24 2733 0.871952
2286 24 3508 0.872087
3707 24 661 0.872223
3013 24 659 0.872358
2141 24 2819 0.872494
1815 24 976 0.872629
3007 24 1121 0.872765
615 24 643 0.872900
2146 24 1421 0.873035
1615 24 489 0.873171
3438 24 578 0.873306
618 24 3497 0.873442
1618 24 3438 0.873577
662 24 618 0.873713
1419 24 3337 0.873848
41 24 792 0.873984
958 24 3891 0.874119
308 24 3578 0.874255
1247 24 3262 0.874390
2795 24 2160 0.874526
3463 24 3209 0.874661
1139 24 3927 0.874797
72 24 627 0.874932
1660 24 2984 0.875068
658 24 2581 0.875203
2686 24 1988 0.875339
1311 24 600 0.875474
3643 24 249 0.875610
2383 24 242 0.875745
3956 24 1615 0.875881
2733 24 2146 0.876016
3508 24 615 0.876152
661 24 3007 0.876287
659 24 1815 0.876423
2819 24 2141 0.876558
976 24 3707 0.876694
1121 24 2286 0.876829
643 24 1171 0.876965
489 24 2702 0.877100
578 24 817 0.877235
3497 24 3013 0.877371
2531 23 3491 0.877501
3628 23 949 0.877631
31 23 3768 0.877760
361 23 681 0.877890
1588 23 845 0.878020
3163 23 640 0.878150
734 23 1773 0.878280
3431 23 2050 0.878410
2120 23 495 0.878539
1870 23 675 0.878669
3075 23 1294 0.878799
3294 23 2089 0.878929
3642 23 1286 0.879059
3286 23 1228 0.879189
238 23 670 0.879319
1928 23 539 0.879448
2981 23 3719 0.879578
418 23 352 0.879708
1450 23 2870 0.879838
599 23 2295 0.879968
3420 23 3534 0.880098
3667 23 3527 0.880227
1098 23 1633 0.880357
1433 23 3223 0.880487
2618 23 2310 0.880617
494 23 1801 0.880747
3186 23 2443 0.880877
80 23 3286 0.881006
2443 23 80 0.881136
1286 23 2531 0.881266
2089 23 3628 0.881396
1294 23 31 0.881526
675 23 361 0.881656
495 23 1588 0.881785
2050 23 3163 0.881915
1773 23 734 0.882045
640 23 3431 0.882175
845 23 2120 0.882305
681 23 1870 0.882435
3768 23 3075 0.882564
949 23 3294 0.882694
3491 23 3642 0.882824
1228 23 238 0.882954
670 23 1928 0.883084
539 23 2981 0.883214
3719 23 418 0.883343
352 23 1450 0.883473
2870 23 599 0.883603
2295 23 3420 0.883733
3534 23 3667 0.883863
3527 23 1098 0.883993
1633 23 1433 0.884123
3223 23 2618 0.884252
2310 23 494 0.884382
1801 23 3186 0.884512
677 22 3509 0.884636
1062 22 1747 0.884760
2558 22 1531 0.884885
1412 22 3039 0.885009
1906 22 1852 0.885133
2803 22 3511 0.885257
1484 22 3306 0.885381
2207 22 1526 0.885506
3836 22 3852 0.885630
3199 22 597 0.885754
2208 22 1223 0.885878
94 22 3656 0.886002
650 22 3670 0.886127
1489 22 2496 0.886251
3634 22 2891 0.886375
632 22 635 0.886499
2830 22 1629 0.886623
3915 22 2759 0.886748
1400 22 1936 0.886872
3909 22 450 0.886996
1063 22 1779 0.887120
838 22 536 0.887244
2848 22 3032 0.887368
48 22 3573 0.887493
3747 22 3443 0.887617
2851 22 1805 0.887741
171 22 469 0.887865
2807 22 204 0.887989
3931 22 2197 0.888114
3933 22 577 0.888238
2967 22 2967 0.888362
635 22 3933 0.888486
2891 22 677 0.888610
2496 22 1062 0.888735
3670 22 2558 0.888859
3656 22 1412 0.888983
1223 22 1906 0.889107
597 22 2803 0.889231
3852 22 1484 0.889356
1747 22 2207 0.889480
1531 22 3836 0.889604
3509 22 3199 0.889728
1852 22 2208 0.889852
3511 22 94 0.889977
3306 22 650 0.890101
3039 22 1489 0.890225
1629 22 3634 0.890349
2759 22 2830 0.890473
1936 22 632 0.890597
450 22 3931 0.890722
1779 22 2807 0.890846
536 22 171 0.890970
3032 22 2851 0.891094
3573 22 3747 0.891218
3443 22 48 0.891343
1805 22 838 0.891467
469 22 1063 0.891591
204 22 3909 0.891715
2197 22 1400 0.891839
577 22 3915 0.891964
1526 22 2848 0.892088
3380 21 3139 0.892206
1317 21 3601 0.892325
2570 21 350 0.892443
2288 21 1127 0.892562
2762 21 589 0.892681
3554 21 320 0.892799
1410 21 3803 0.892918
2622 21 2737 0.893036
248 21 3499 0.893155
1069 21 1363 0.893273
543 21 3236 0.893392
2948 21 2036 0.893510
1418 21 625 0.893629
972 21 1439 0.893747
3786 21 231 0.893866
3697 21 3648 0.893985
303 21 2670 0.894103
3761 21 701 0.894222
1726 21 926 0.894340
848 21 2687 0.894459
115 21 416 0.894577
2401 21 3430 0.894696
92 21 3896 0.894814
758 21 582 0.894933
1650 21 1144 0.895051
3791 21 2868 0.895170
2096 21 972 0.895289
2868 21 2096 0.895407
625 21 3380 0.895526
2036 21 1317 0.895644
3236 21 2570 0.895763
1363 21 2288 0.895881
3499 21 2762 0.896000
2737 21 3554 0.896118
3803 21 1410 0.896237
320 21 2622 0.896356
589 21 248 0.896474
1127 21 1069 0.896593
350 21 543 0.896711
3601 21 2948 0.896830
3139 21 1418 0.896948
1439 21 3786 0.897067
231 21 3697 0.897185
3648 21 303 0.897304
2670 21 3761 0.897422
701 21 1726 0.897541
926 21 848 0.897660
2687 21 115 0.897778
416 21 2401 0.897897
3430 21 92 0.898015
3896 21 758 0.898134
582 21 1650 0.898252
1144 21 3791 0.898371
3421 20 1982 0.898484
2405 20 180 0.898597
457 20 1990 0.898710
2918 20 558 0.898822
2949 20 793 0.898935
1356 20 1091 0.899048
835 20 1780 0.899161
807 20 1585 0.899274
1328 20 2825 0.899387
2577 20 148 0.899500
565 20 2938 0.899613
1241 20 1771 0.899726
3462 20 2260 0.899839
3103 20 1187 0.899951
3615 20 684 0.900064
2859 20 88 0.900177
1308 20 1213 0.900290
302 20 3555 0.900403
299 20 1965 0.900516
3356 20 3538 0.900629
3618 20 1575 0.900742
474 20 3276 0.900855
803 20 620 0.900968
3042 20 516 0.901080
3510 20 3318 0.901193
7 20 3845 0.901306
2635 20 711 0.901419
3500 20 951 0.901532
2667 20 3850 0.901645
2934 20 331 0.901758
403 20 3458 0.901871
1566 20 835 0.901984
88 20 3615 0.902097
684 20 3103 0.902210
1187 20 3462 0.902322
2260 20 1241 0.902435
1771 20 565 0.902548
2938 20 2577 0.902661
148 20 1328 0.902774
2825 20 807 0.902887
180 20 403 0.903000
1990 20 1356 0.903113
1982 20 2949 0.903226
793 20 2918 0.903339
1091 20 457 0.903451
1780 20 2405 0.903564
558 20 3421 0.903677
1213 20 1566 0.903790
3555 20 1308 0.903903
1965 20 2859 0.904016
3538 20 2934 0.904129
1575 20 2667 0.904242
3276 20 3500 0.904355
620 20 2635 0.904468
516 20 7 0.904580
3318 20 3510 0.904693
3845 20 3042 0.904806
711 20 803 0.904919
951 20 474 0.905032
3850 20 3618 0.905145
1585 20 3356 0.905258
331 20 299 0.905371
3458 20 302 0.905484
3485 19 3325 0.905591
748 19 3329 0.905698
3009 19 3171 0.905805
1698 19 3278 0.905913
3474 19 2249 0.906020
1913 19 3725 0.906127
2641 19 616 0.906234
4030 19 3535 0.906342
647 19 991 0.906449
3189 19 2789 0.906556
3393 19 518 0.906664
2889 19 3591 0.906771
326 19 2962 0.906878
362 19 3307 0.906985
2696 19 2314 0.907093
1161 19 2809 0.907200
2019 19 134 0.907307
462 19 595 0.907414
3241 19 3612 0.907522
1719 19 3785 0.907629
3868 19 3496 0.907736
2400 19 101 0.907843
3862 19 3759 0.907951
3866 19 194 0.908058
59 19 3627 0.908165
1745 19 3623 0.908272
3138 19 3608 0.908380
1169 19 3550 0.908487
425 19 3776 0.908594
2735 19 755 0.908701
2779 19 2794 0.908809
3289 19 3493 0.908916
1658 19 3779 0.909023
3752 19 2572 0.909130
3743 19 1424 0.909238
1537 19 2587 0.909345
595 19 647 0.909452
134 19 462 0.909559
2809 19 2019 0.909667
2314 19 1161 0.909774
3307 19 2696 0.909881
2962 19 362 0.909988
3591 19 326 0.910096
518 19 2889 0.910203
2789 19 3393 0.910310
991 19 3189 0.910418
3535 19 1537 0.910525
616 19 4030 0.910632
3725 19 2641 0.910739
2249 19 1913 0.910847
3278 19 3474 0.910954
3171 19 1698 0.911061
3329 19 3009 0.911168
3325 19 748 0.911276
3550 19 3485 0.911383
2587 19 1719 0.911490
1424 19 3241 0.911597
2572 19 3743 0.911705
3779 19 3752 0.911812
3493 19 1658 0.911919
2794 19 3289 0.912026
755 19 2779 0.912134
3776 19 2735 0.912241
3612 19 425 0.912348
3608 19 1169 0.912455
3623 19 3138 0.912563
3627 19 1745 0.912670
194 19 59 0.912777
3759 19 3866 0.912884
101 19 3862 0.912992
3496 19 2400 0.913099
3785 19 3868 0.913206
426 18 3881 0.913308
3913 18 276 0.913409
2703 18 779 0.913511
1174 18 2016 0.913613
4023 18 2082 0.913714
3309 18 676 0.913816
2170 18 783 0.913917
2248 18 257 0.914019
706 18 2856 0.914121
343 18 266 0.914222
3903 18 1646 0.914324
554 18 3404 0.914426
603 18 2426 0.914527
2650 18 446 0.914629
2152 18 809 0.914730
3698 18 3328 0.914832
184 18 2964 0.914934
1141 18 666 0.915035
720 18 133 0.915137
3645 18 605 0.915238
2979 18 2349 0.915340
2534 18 777 0.915442
3957 18 1325 0.915543
2186 18 3450 0.915645
2917 18 3774 0.915747
2486 18 665 0.915848
2693 18 3741 0.915950
1501 18 3173 0.916051
3300 18 3359 0.916153
212 18 795 0.916255
1883 18 3498 0.916356
772 18 123 0.916458
357 18 1678 0.916559
3414 18 973 0.916661
3109 18 2831 0.916763
3972 18 2248 0.916864
3404 18 184 0.916966
2964 18 3698 0.917067
3328 18 2152 0.917169
809 18 2650 0.917271
446 18 603 0.917372
2426 18 554 0.917474
133 18 3903 0.917576
1646 18 343 0.917677
266 18 706 0.917779
2856 18 3109 0.917880
257 18 2170 0.917982
783 18 3309 0.918084
676 18 4023 0.918185
2082 18 1174 0.918287
2016 18 2703 0.918388
779 18 3913 0.918490
276 18 426 0.918592
3881 18 3972 0.918693
3741 18 720 0.918795
2831 18 1141 0.918896
973 18 3414 0.918998
1678 18 357 0.919100
123 18 772 0.919201
3498 18 1883 0.919303
795 18 212 0.919405
3359 18 3300 0.919506
3173 18 1501 0.919608
666 18 2486 0.919709
665 18 2917 0.919811
3774 18 2186 0.919913
3450 18 3957 0.920014
1325 18 2534 0.920116
777 18 2979 0.920217
2349 18 3645 0.920319
605 18 2693 0.920421
3760 17 664 0.920517
3167 17 375 0.920613
3392 17 372 0.920709
3960 17 1860 0.920805
3762 17 2298 0.920901
3110 17 2291 0.920996
2605 17 1700 0.921092
3194 17 551 0.921188
3043 17 2181 0.921284
3473 17 709 0.921380
3478 17 2076 0.921476
2858 17 2048 0.921572
2726 17 23 0.921668
3571 17 2403 0.921764
3382 17 2413 0.921860
3383 17 1784 0.921956
3057 17 254 0.922052
2947 17 939 0.922148
2965 17 940 0.922244
3312 17 1478 0.922340
2983 17 623 0.922436
3564 17 1952 0.922532
3563 17 1152 0.922628
3683 17 214 0.922724
3587 17 424 0.922820
1 17 1186 0.922916
3662 17 413 0.923012
3373 17 741 0.923108
3519 17 905 0.923204
3837 17 2185 0.923300
2614 17 1481 0.923396
2972 17 55 0.923492
3646 17 116 0.923588
3517 17 1033 0.923684
2959 17 3 0.923780
3757 17 685 0.923875
3602 17 2523 0.923971
30 17 175 0.924067
254 17 3043 0.924163
939 17 2947 0.924259
940 17 3057 0.924355
1784 17 3383 0.924451
2413 17 3382 0.924547
2403 17 3571 0.924643
23 17 2726 0.924739
2048 17 2858 0.924835
2076 17 3478 0.924931
709 17 3473 0.925027
664 17 3602 0.925123
375 17 3194 0.925219
372 17 2605 0.925315
1860 17 3110 0.925411
2298 17 3762 0.925507
2291 17 3960 0.925603
1700 17 3392 0.925699
551 17 3167 0.925795
2181 17 3760 0.925891
2185 17 30 0.925987
175 17 3312 0.926083
2523 17 2965 0.926179
685 17 3757 0.926275
3 17 2959 0.926371
1033 17 3517 0.926467
116 17 3646 0.926563
55 17 2972 0.926659
1481 17 2614 0.926755
1478 17 3837 0.926850
905 17 3519 0.926946
741 17 3662 0.927042
413 17 1 0.927138
1186 17 3587 0.927234
424 17 3683 0.927330
214 17 3563 0.927426
1152 17 3564 0.927522
1952 17 2983 0.927618
623 17 3373 0.927714
611 16 470 0.927804
187 16 1676 0.927895
19 16 3008 0.927985
3950 16 2444 0.928075
3920 16 3050 0.928166
2879 16 284 0.928256
778 16 2454 0.928346
3579 16 2455 0.928437
804 16 3735 0.928527
3314 16 3374 0.928617
3410 16 3620 0.928708
818 16 1564 0.928798
3809 16 137 0.928888
3409 16 2818 0.928979
2682 16 3898 0.929069
2656 16 1441 0.929159
634 16 345 0.929250
3069 16 132 0.929340
3068 16 486 0.929430
24 16 1594 0.929521
2923 16 1000 0.929611
3658 16 330 0.929701
1829 16 130 0.929792
3802 16 2305 0.929882
3283 16 3326 0.929972
3546 16 2312 0.930063
598 16 2320 0.930153
103 16 3524 0.930243
3144 16 3340 0.930334
3967 16 2277 0.930424
3780 16 1007 0.930514
3093 16 3452 0.930604
197 16 508 0.930695
3465 16 3470 0.930785
1830 16 127 0.930875
2099 16 1397 0.930966
1756 16 3423 0.931056
2697 16 3192 0.931146
281 16 737 0.931237
3861 16 2503 0.931327
965 16 914 0.931417
1594 16 3314 0.931508
486 16 24 0.931598
330 16 3068 0.931688
132 16 3069 0.931779
345 16 634 0.931869
1441 16 2656 0.931959
3898 16 2682 0.932050
2818 16 3409 0.932140
137 16 3809 0.932230
1564 16 818 0.932321
3620 16 3410 0.932411
470 16 3861 0.932501
1676 16 804 0.932592
3008 16 3579 0.932682
2444 16 778 0.932772
3050 16 2879 0.932863
284 16 3920 0.932953
2454 16 3950 0.933043
2455 16 19 0.933133
3735 16 187 0.933224
3374 16 965 0.933314
3452 16 3658 0.933404
914 16 2923 0.933495
2503 16 611 0.933585
737 16 281 0.933675
3192 16 2697 0.933766
3423 16 1756 0.933856
1397 16 2099 0.933946
127 16 1830 0.934037
3470 16 3465 0.934127
508 16 197 0.934217
1000 16 3093 0.934308
1007 16 3967 0.934398
2277 16 3144 0.934488
3340 16 103 0.934579
3524 16 598 0.934669
2320 16 3546 0.934759
2312 16 3283 0.934850
3326 16 3802 0.934940
2305 16 1829 0.935030
130 16 3780 0.935121
771 15 410 0.935205
3655 15 2513 0.935290
1817 15 2490 0.935375
806 15 144 0.935459
3208 15 3708 0.935544
730 15 3533 0.935629
2700 15 3371 0.935713
3613 15 3703 0.935798
246 15 931 0.935883
3889 15 3739 0.935967
2746 15 3357 0.936052
20 15 3701 0.936137
1544 15 2402 0.936221
3855 15 407 0.936306
3610 15 3490 0.936391
3649 15 3726 0.936475
3883 15 3476 0.936560
822 15 3048 0.936645
3205 15 1077 0.936729
3157 15 2114 0.936814
3929 15 2119 0.936899
39 15 569 0.936983
1434 15 2162 0.937068
3815 15 831 0.937153
3242 15 3532 0.937238
2820 15 612 0.937322
3472 15 1042 0.937407
227 15 3964 0.937492
1249 15 1869 0.937576
3222 15 1197 0.937661
1710 15 1084 0.937746
3912 15 3792 0.937830
3917 15 2677 0.937915
1385 15 1889 0.938000
3574 15 3095 0.938084
2883 15 258 0.938169
769 15 3484 0.938254
1234 15 3975 0.938338
2707 15 584 0.938423
66 15 1978 0.938508
2888 15 3479 0.938592
57 15 1922 0.938677
3402 15 633 0.938762
2995 15 3976 0.938846
970 15 2012 0.938931
3696 15 3562 0.939016
3695 15 3549 0.939100
2584 15 839 0.939185
2270 15 833 0.939270
509 15 1177 0.939354
2982 15 14 0.939439
521 15 1992 0.939524
3459 15 3058 0.939608
3685 15 1544 0.939693
1042 15 2820 0.939778
3532 15 3242 0.939862
831 15 3815 0.939947
2162 15 1434 0.940032
569 15 39 0.940117
2119 15 3929 0.940201
2114 15 3157 0.940286
1077 15 3205 0.940371
3048 15 822 0.940455
3476 15 3883 0.940540
3726 15 3649 0.940625
3490 15 3610 0.940709
407 15 3855 0.940794
410 15 3459 0.940879
2513 15 20 0.940963
2490 15 2746 0.941048
144 15 771 0.941133
3708 15 3889 0.941217
3533 15 246 0.941302
3371 15 3613 0.941387
3703 15 2700 0.941471
931 15 730 0.941556
3739 15 3208 0.941641
3357 15 806 0.941725
3701 15 1817 0.941810
2402 15 3655 0.941895
3479 15 3685 0.941979
3058 15 227 0.942064
1992 15 3472 0.942149
14 15 521 0.942233
1177 15 2982 0.942318
833 15 509 0.942403
839 15 2270 0.942487
3549 15 2584 0.942572
3562 15 3695 0.942657
2012 15 3696 0.942741
3976 15 970 0.942826
633 15 2995 0.942911
1922 15 3402 0.942996
3964 15 57 0.943080
1978 15 2888 0.943165
584 15 2707 0.943250
3975 15 66 0.943334
612 15 1249 0.943419
3484 15 3222 0.943504
258 15 1710 0.943588
3095 15 3912 0.943673
1889 15 3917 0.943758
2677 15 1385 0.943842
3792 15 3574 0.943927
1084 15 2883 0.944012
1197 15 769 0.944096
1869 15 1234 0.944181
149 14 3249 0.944260
3799 14 3343 0.944339
763 14 2262 0.944418
3481 14 1808 0.944497
732 14 3523 0.944576
3715 14 3567 0.944655
1138 14 1739 0.944734
1143 14 2599 0.944813
105 14 226 0.944892
3874 14 3516 0.944971
736 14 3361 0.945050
3872 14 2205 0.945129
1150 14 1901 0.945208
3024 14 3561 0.945287
159 14 3229 0.945366
3624 14 768 0.945446
3823 14 251 0.945525
85 14 626 0.945604
3151 14 3595 0.945683
111 14 2453 0.945762
1088 14 693 0.945841
75 14 1641 0.945920
1089 14 290 0.945999
3773 14 2522 0.946078
176 14 588 0.946157
3818 14 714 0.946236
3663 14 2524 0.946315
1055 14 3210 0.946394
3675 14 2771 0.946473
2822 14 5 0.946552
2957 14 2193 0.946631
2933 14 3998 0.946710
2876 14 3315 0.946789
2837 14 3244 0.946868
3066 14 722 0.946947
1005 14 1518 0.947026
794 14 590 0.947105
768 14 440 0.947184
765 14 3982 0.947263
1422 14 576 0.947342
3061 14 3937 0.947421
844 14 3246 0.947500
2997 14 274 0.947579
2562 14 3245 0.947658
3454 14 736 0.947737
1641 14 1088 0.947816
693 14 111 0.947895
2453 14 3151 0.947975
3595 14 85 0.948054
626 14 3823 0.948133
251 14 3624 0.948212
3229 14 159 0.948291
3561 14 3024 0.948370
1901 14 1150 0.948449
2205 14 3872 0.948528
3361 14 2562 0.948607
3516 14 3874 0.948686
226 14 105 0.948765
2599 14 1143 0.948844
1739 14 1138 0.948923
3567 14 3715 0.949002
3523 14 732 0.949081
1808 14 3481 0.949160
2262 14 763 0.949239
3343 14 3799 0.949318
3249 14 149 0.949397
3244 14 1089 0.949476
3245 14 75 0.949555
274 14 3454 0.949634
3246 14 2997 0.949713
3937 14 844 0.949792
576 14 3061 0.949871
3982 14 1422 0.949950
440 14 765 0.950029
590 14 794 0.950108
1518 14 1005 0.950187
722 14 3066 0.950266
290 14 2837 0.950345
3315 14 2933 0.950425
3998 14 2876 0.950504
2193 14 3773 0.950583
5 14 176 0.950662
2771 14 3818 0.950741
3210 14 3663 0.950820
2524 14 1055 0.950899
714 14 3675 0.950978
588 14 2822 0.951057
2522 14 2957 0.951136
3067 13 2766 0.951209
2699 13 2821 0.951283
528 13 920 0.951356
3130 13 712 0.951429
3944 13 762 0.951503
1090 13 3483 0.951576
3644 13 3503 0.951650
178 13 1178 0.951723
505 13 3512 0.951796
2709 13 314 0.951870
310 13 3482 0.951943
2710 13 3892 0.952016
2954 13 753 0.952090
2990 13 2744 0.952163
3405 13 889 0.952237
3547 13 196 0.952310
3783 13 682 0.952383
3556 13 3847 0.952457
3769 13 1384 0.952530
1930 13 3919 0.952604
622 13 29 0.952677
843 13 907 0.952750
3657 13 2515 0.952824
2357 13 782 0.952897
837 13 1748 0.952970
108 13 961 0.953044
646 13 1749 0.953117
1178 13 3352 0.953191
2968 13 84 0.953264
2217 13 900 0.953337
1874 13 3630 0.953411
99 13 2727 0.953484
2238 13 87 0.953558
3778 13 789 0.953631
3679 13 1266 0.953704
17 13 1492 0.953778
2070 13 490 0.953851
2747 13 3819 0.953924
3592 13 28 0.953998
3895 13 729 0.954071
3156 13 505 0.954145
3919 13 3769 0.954218
1384 13 3556 0.954291
3847 13 3783 0.954365
682 13 3547 0.954438
196 13 3405 0.954512
889 13 2990 0.954585
2744 13 2954 0.954658
753 13 2710 0.954732
3892 13 310 0.954805
3482 13 2709 0.954879
314 13 3895 0.954952
3512 13 178 0.955025
3503 13 3644 0.955099
3483 13 1090 0.955172
762 13 3944 0.955245
712 13 3130 0.955319
920 13 528 0.955392
2821 13 2699 0.955466
2766 13 3067 0.955539
3630 13 3156 0.955612
729 13 622 0.955686
28 13 1930 0.955759
3819 13 3592 0.955833
490 13 2747 0.955906
1492 13 2070 0.955979
1266 13 17 0.956053
789 13 3679 0.956126
87 13 3778 0.956199
2727 13 2238 0.956273
29 13 99 0.956346
900 13 2217 0.956420
84 13 1874 0.956493
3352 13 843 0.956566
1749 13 3657 0.956640
961 13 2357 0.956713
1748 13 837 0.956787
782 13 108 0.956860
2515 13 646 0.956933
907 13 2968 0.957007
143 12 1499 0.957074
442 12 723 0.957142
3028 12 857 0.957210
568 12 3541 0.957278
168 12 3112 0.957345
575 12 3622 0.957413
909 12 1696 0.957481
535 12 65 0.957549
2791 12 3594 0.957616
382 12 3155 0.957684
381 12 2847 0.957752
2360 12 1364 0.957820
2373 12 1401 0.957887
3349 12 3840 0.957955
1013 12 3581 0.958023
477 12 3832 0.958091
943 12 79 0.958158
1045 12 198 0.958226
121 12 3949 0.958294
3763 12 1251 0.958362
341 12 3788 0.958429
173 12 3817 0.958497
4014 12 716 0.958565
2450 12 2685 0.958633
3736 12 1527 0.958700
156 12 3654 0.958768
1043 12 742 0.958836
2723 12 1892 0.958903
45 12 628 0.958971
1853 12 836 0.959039
58 12 3292 0.959107
1822 12 3616 0.959174
751 12 3784 0.959242
3254 12 1934 0.959310
1802 12 3190 0.959378
799 12 3105 0.959445
2769 12 1950 0.959513
3639 12 3979 0.959581
1602 12 3281 0.959649
1244 12 2935 0.959716
1251 12 2791 0.959784
3817 12 3763 0.959852
3949 12 121 0.959920
198 12 943 0.959987
79 12 477 0.960055
3832 12 1013 0.960123
3581 12 3349 0.960191
3840 12 2373 0.960258
1401 12 2360 0.960326
1364 12 381 0.960394
2847 12 382 0.960462
3155 12 1045 0.960529
3594 12 535 0.960597
65 12 909 0.960665
1696 12 575 0.960733
3622 12 168 0.960800
3112 12 568 0.960868
3541 12 3028 0.960936
857 12 442 0.961003
723 12 1244 0.961071
1499 12 143 0.961139
3292 12 173 0.961207
2935 12 1602 0.961274
3281 12 3639 0.961342
3979 12 2769 0.961410
1950 12 799 0.961478
3105 12 1802 0.961545
3190 12 3254 0.961613
1934 12 751 0.961681
3784 12 1822 0.961749
3616 12 58 0.961816
3788 12 1853 0.961884
836 12 45 0.961952
628 12 2723 0.962020
1892 12 1043 0.962087
742 12 156 0.962155
3654 12 3736 0.962223
1527 12 2450 0.962291
2685 12 4014 0.962358
716 12 341 0.962426
405 11 1670 0.962488
2961 11 36 0.962550
150 11 2265 0.962612
3200 11 2760 0.962674
3202 11 2816 0.962737
298 11 1134 0.962799
3598 11 2900 0.962861
3621 11 3796 0.962923
3367 11 1599 0.962985
222 11 1218 0.963047
639 11 1887 0.963109
3668 11 3863 0.963171
574 11 2941 0.963233
863 11 2535 0.963295
3536 11 4021 0.963357
177 11 2688 0.963420
3092 11 3857 0.963482
3311 11 2424 0.963544
3681 11 1094 0.963606
629 11 3940 0.963668
631 11 1030 0.963730
268 11 979 0.963792
826 11 298 0.963854
3515 11 974 0.963916
165 11 1905 0.963978
3063 11 2466 0.964041
522 11 1915 0.964103
876 11 1933 0.964165
502 11 2852 0.964227
3638 11 4009 0.964289
3141 11 2568 0.964351
491 11 3012 0.964413
3153 11 2130 0.964475
3053 11 2177 0.964537
3358 11 2861 0.964599
1050 11 1268 0.964662
986 11 3994 0.964724
4031 11 140 0.964786
2695 11 2105 0.964848
50 11 3997 0.964910
22 11 3446 0.964972
318 11 2878 0.965034
380 11 639 0.965096
1030 11 631 0.965158
3940 11 629 0.965220
1094 11 3681 0.965282
2424 11 3311 0.965345
3857 11 3092 0.965407
2688 11 177 0.965469
4021 11 3536 0.965531
2535 11 863 0.965593
2941 11 574 0.965655
3863 11 3668 0.965717
1670 11 318 0.965779
36 11 222 0.965841
2265 11 3367 0.965903
2760 11 3621 0.965966
2816 11 3598 0.966028
2900 11 3202 0.966090
3796 11 3200 0.966152
1599 11 150 0.966214
1218 11 2961 0.966276
1134 11 405 0.966338
2130 11 380 0.966400
2878 11 826 0.966462
3446 11 268 0.966524
3997 11 22 0.966587
2105 11 50 0.966649
140 11 2695 0.966711
3994 11 4031 0.966773
1268 11 986 0.966835
2861 11 1050 0.966897
2177 11 3358 0.966959
979 11 3053 0.967021
3012 11 3153 0.967083
2568 11 3141 0.967145
4009 11 3638 0.967207
2852 11 502 0.967270
1933 11 876 0.967332
1915 11 522 0.967394
2466 11 3063 0.967456
1905 11 165 0.967518
1887 11 3515 0.967580
974 11 491 0.967642
1463 10 135 0.967699
2802 10 813 0.967755
278 10 950 0.967811
275 10 3659 0.967868
3614 10 955 0.967924
69 10 435 0.967981
2801 10 878 0.968037
756 10 3083 0.968094
759 10 850 0.968150
2826 10 956 0.968207
1411 10 2926 0.968263
3164 10 181 0.968320
2 10 3770 0.968376
2439 10 437 0.968432
1368 10 3099 0.968489
73 10 3583 0.968545
1342 10 2252 0.968602
3631 10 1708 0.968658
2452 10 2255 0.968715
459 10 225 0.968771
2882 10 3487 0.968828
4 10 3720 0.968884
3934 10 3520 0.968941
1788 10 1061 0.968997
1814 10 3664 0.969053
1840 10 3015 0.969110
1908 10 3418 0.969166
541 10 3641 0.969223
10 10 2886 0.969279
2014 10 861 0.969336
532 10 2942 0.969392
4004 10 3088 0.969449
3543 10 3777 0.969505
587 10 146 0.969561
2113 10 1073 0.969618
3539 10 3767 0.969674
2158 10 309 0.969731
3308 10 2439 0.969787
707 10 3133 0.969844
3425 10 3128 0.969900
2316 10 433 0.969957
3878 10 295 0.970013
3880 10 449 0.970070
3888 10 3766 0.970126
715 10 429 0.970182
1562 10 3388 0.970239
2301 10 1411 0.970295
3520 10 3934 0.970352
3720 10 4 0.970408
3487 10 2882 0.970465
225 10 459 0.970521
2255 10 2452 0.970578
1708 10 3631 0.970634
2252 10 1342 0.970691
3583 10 73 0.970747
3099 10 1368 0.970803
437 10 2 0.970860
3770 10 3164 0.970916
181 10 1562 0.970973
135 10 2826 0.971029
813 10 759 0.971086
950 10 756 0.971142
3659 10 2801 0.971199
955 10 69 0.971255
435 10 3614 0.971311
878 10 275 0.971368
3083 10 278 0.971424
850 10 2802 0.971481
956 10 1463 0.971537
2926 10 2301 0.971594
3767 10 1814 0.971650
3388 10 1788 0.971707
429 10 715 0.971763
3766 10 3888 0.971820
449 10 3880 0.971876
295 10 3878 0.971932
433 10 2316 0.971989
3128 10 3425 0.972045
3133 10 707 0.972102
309 10 3308 0.972158
1061 10 2158 0.972215
1073 10 3539 0.972271
146 10 587 0.972328
3777 10 3543 0.972384
3088 10 4004 0.972441
2942 10 532 0.972497
861 10 2014 0.972553
2886 10 10 0.972610
3641 10 541 0.972666
3418 10 1908 0.972723
3015 10 1840 0.972779
3664 10 2113 0.972836
1023 9 2834 0.972886
3522 9 1387 0.972937
3580 9 3775 0.972988
663 9 344 0.973039
3566 9 776 0.973090
273 9 811 0.973140
3682 9 808 0.973191
690 9 2895 0.973242
2251 9 78 0.973293
3671 9 786 0.973344
328 9 3507 0.973395
529 9 1220 0.973445
3334 9 3368 0.973496
4026 9 1403 0.973547
230 9 3122 0.973598
364 9 816 0.973649
2080 9 821 0.973699
928 9 96 0.973750
885 9 1202 0.973801
3531 9 1445 0.973852
594 9 3354 0.973903
2051 9 746 0.973953
2514 9 1193 0.974004
2066 9 3439 0.974055
3986 9 1443 0.974106
139 9 68 0.974157
3995 9 1093 0.974207
260 9 3603 0.974258
888 9 1140 0.974309
912 9 3218 0.974360
306 9 3338 0.974411
2166 9 1154 0.974461
564 9 2804 0.974512
4000 9 100 0.974563
1896 9 1631 0.974614
1016 9 2281 0.974665
3492 9 1477 0.974715
38 9 4038 0.974766
998 9 3666 0.974817
16 9 466 0.974868
3958 9 3876 0.974919
1865 9 1490 0.974970
2678 9 3894 0.975020
3251 9 2790 0.975071
3269 9 1111 0.975122
427 9 2487 0.975173
337 9 218 0.975224
4017 9 3427 0.975274
1977 9 1239 0.975325
3551 9 2545 0.975376
2013 9 195 0.975427
68 9 3334 0.975478
3439 9 3986 0.975528
1193 9 2066 0.975579
746 9 2514 0.975630
3354 9 2051 0.975681
1445 9 594 0.975732
1443 9 3531 0.975782
1202 9 885 0.975833
96 9 928 0.975884
821 9 2080 0.975935
816 9 364 0.975986
3122 9 230 0.976036
1403 9 4026 0.976087
2834 9 3551 0.976138
1387 9 529 0.976189
3775 9 328 0.976240
344 9 3671 0.976290
776 9 2251 0.976341
811 9 690 0.976392
808 9 3682 0.976443
2895 9 273 0.976494
78 9 3566 0.976545
786 9 663 0.976595
3507 9 3580 0.976646
1220 9 3522 0.976697
3368 9 1023 0.976748
466 9 3995 0.976799
195 9 139 0.976849
2545 9 1977 0.976900
1239 9 4017 0.976951
3427 9 337 0.977002
218 9 427 0.977053
2487 9 2013 0.977103
1111 9 3269 0.977154
2790 9 3251 0.977205
3894 9 2678 0.977256
1490 9 1865 0.977307
3876 9 3958 0.977357
1093 9 16 0.977408
3666 9 38 0.977459
4038 9 998 0.977510
1477 9 260 0.977561
2281 9 888 0.977611
1631 9 912 0.977662
100 9 306 0.977713
2804 9 2166 0.977764
1154 9 564 0.977815
3338 9 4000 0.977865
3218 9 1896 0.977916
1140 9 1016 0.977967
3603 9 3492 0.978018
4098 8 1162 0.978063
2175 8 3789 0.978108
4095 8 3266 0.978153
4067 8 3181 0.978199
2548 8 672 0.978244
441 8 3585 0.978289
3504 8 1731 0.978334
2456 8 2732 0.978379
3401 8 2725 0.978424
221 8 3932 0.978469
4104 8 1775 0.978515
3398 8 3572 0.978560
4075 8 243 0.978605
4019 8 3235 0.978650
478 8 106 0.978695
3376 8 2930 0.978740
333 8 1103 0.978786
3461 8 3772 0.978831
4018 8 867 0.978876
2421 8 1053 0.978921
540 8 3755 0.978966
4040 8 385 0.979011
4059 8 1461 0.979057
501 8 3754 0.979102
534 8 162 0.979147
4073 8 880 0.979192
4061 8 882 0.979237
399 8 3045 0.979282
3530 8 923 0.979328
3502 8 2799 0.979373
4020 8 689 0.979418
3322 8 3914 0.979463
2182 8 3428 0.979508
3814 8 1640 0.979553
2898 8 702 0.979599
812 8 3905 0.979644
1203 8 710 0.979689
3126 8 3901 0.979734
3647 8 1697 0.979779
2893 8 1506 0.979824
3131 8 725 0.979869
93 8 3197 0.979915
91 8 733 0.979960
1248 8 217 0.980005
2903 8 319 0.980050
89 8 740 0.980095
3827 8 3871 0.980140
3843 8 2805 0.980186
3626 8 54 0.980231
1414 8 3607 0.980276
767 8 259 0.980321
761 8 2041 0.980366
60 8 2034 0.980411
4002 8 3981 0.980457
3180 8 3548 0.980502
1008 8 3973 0.980547
3723 8 8 0.980592
3030 8 1956 0.980637
3712 8 1949 0.980682
886 8 4019 0.980728
923 8 3530 0.980773
3045 8 399 0.980818
882 8 4061 0.980863
880 8 4073 0.980908
162 8 534 0.980953
3754 8 501 0.980999
1461 8 4059 0.981044
385 8 4040 0.981089
3755 8 540 0.981134
1053 8 2421 0.981179
867 8 4018 0.981224
3772 8 3461 0.981269
1103 8 333 0.981315
2930 8 3376 0.981360
106 8 478 0.981405
1162 8 3712 0.981450
3789 8 4075 0.981495
3266 8 3398 0.981540
3181 8 4104 0.981586
672 8 221 0.981631
3585 8 3401 0.981676
1731 8 2456 0.981721
2732 8 3504 0.981766
2725 8 441 0.981811
3932 8 2548 0.981857
1775 8 4067 0.981902
3572 8 4095 0.981947
243 8 2175 0.981992
3235 8 4098 0.982037
319 8 886 0.982082
1949 8 4020 0.982128
1956 8 3502 0.982173
8 8 3030 0.982218
3973 8 3723 0.982263
3548 8 1008 0.982308
3981 8 3180 0.982353
2034 8 4002 0.982399
2041 8 60 0.982444
259 8 761 0.982489
3607 8 767 0.982534
54 8 1414 0.982579
2805 8 3626 0.982624
3871 8 3843 0.982669
740 8 3827 0.982715
2799 8 89 0.982760
217 8 1248 0.982805
733 8 2903 0.982850
3197 8 3322 0.982895
725 8 2182 0.982940
1506 8 3814 0.982986
1697 8 2898 0.983031
3901 8 812 0.983076
710 8 1203 0.983121
3905 8 3647 0.983166
702 8 2893 0.983211
1640 8 3131 0.983257
3428 8 93 0.983302
3914 8 91 0.983347
689 8 3126 0.983392
311 7 3372 0.983432
338 7 3389 0.983471
3317 7 1961 0.983511
317 7 3094 0.983550
4042 7 700 0.983590
51 7 679 0.983629
3899 7 3216 0.983669
3904 7 3165 0.983708
3908 7 3159 0.983748
3911 7 791 0.983787
3916 7 796 0.983827
3923 7 798 0.983866
3941 7 657 0.983906
3961 7 3336 0.983945
3988 7 1701 0.983985
4027 7 2752 0.984024
4041 7 1654 0.984064
3864 7 1552 0.984103
4043 7 2811 0.984143
4050 7 480 0.984182
4053 7 937 0.984222
4054 7 1372 0.984261
4066 7 3323 0.984301
4069 7 549 0.984340
4072 7 1240 0.984380
4080 7 2902 0.984419
4081 7 586 0.984459
4084 7 1087 0.984498
4093 7 2008 0.984538
3700 7 2245 0.984578
296 7 1974 0.984617
269 7 2227 0.984657
263 7 3445 0.984696
3552 7 3424 0.984736
237 7 2256 0.984775
3600 7 2528 0.984815
208 7 2263 0.984854
189 7 2094 0.984894
3652 7 2651 0.984933
3669 7 393 0.984973
167 7 2321 0.985012
300 7 3436 0.985052
3716 7 869 0.985091
151 7 2632 0.985131
131 7 2358 0.985170
129 7 2017 0.985210
126 7 347 0.985249
3771 7 2493 0.985289
3812 7 935 0.985328
3813 7 621 0.985368
83 7 890 0.985407
3834 7 881 0.985447
64 7 874 0.985486
3333 7 872 0.985526
985 7 871 0.985565
1058 7 870 0.985605
1087 7 3941 0.985644
586 7 4081 0.985684
2902 7 4080 0.985723
1240 7 4072 0.985763
549 7 4069 0.985803
3323 7 4066 0.985842
1372 7 4054 0.985882
937 7 4053 0.985921
480 7 4050 0.985961
2811 7 4043 0.986000
1552 7 3864 0.986040
1654 7 4041 0.986079
2752 7 4027 0.986119
1701 7 3988 0.986158
3372 7 3961 0.986198
3389 7 985 0.986237
1961 7 3923 0.986277
3094 7 3916 0.986316
700 7 3911 0.986356
679 7 3908 0.986395
3216 7 3904 0.986435
3165 7 3899 0.986474
3159 7 51 0.986514
791 7 4042 0.986553
796 7 317 0.986593
798 7 3317 0.986632
657 7 338 0.986672
3336 7 311 0.986711
869 7 1058 0.986751
870 7 4093 0.986790
871 7 4084 0.986830
872 7 3333 0.986869
874 7 64 0.986909
881 7 3834 0.986948
890 7 83 0.986988
621 7 3813 0.987028
935 7 3812 0.987067
2493 7 3771 0.987107
347 7 126 0.987146
2017 7 129 0.987186
2358 7 131 0.987225
2632 7 151 0.987265
2008 7 3716 0.987304
3436 7 167 0.987344
2321 7 300 0.987383
393 7 3700 0.987423
2651 7 296 0.987462
2094 7 269 0.987502
2263 7 263 0.987541
2528 7 3552 0.987581
2256 7 3600 0.987620
3424 7 208 0.987660
3445 7 189 0.987699
2227 7 3652 0.987739
1974 7 3669 0.987778
2245 7 237 0.987818
3727 6 117 0.987852
879 6 1133 0.987886
163 6 1151 0.987919
3055 6 1168 0.987953
2375 6 102 0.987987
3044 6 4013 0.988021
4047 6 2899 0.988055
887 6 95 0.988089
895 6 3806 0.988123
147 6 2884 0.988157
3724 6 2621 0.988190
987 6 3751 0.988224
2580 6 1263 0.988258
3745 6 1254 0.988292
3749 6 6 0.988326
4110 6 1924 0.988360
825 6 3963 0.988394
3970 6 2671 0.988427
3217 6 1890 0.988461
2517 6 1855 0.988495
219 6 1838 0.988529
3175 6 1792 0.988563
4096 6 2767 0.988597
3161 6 3936 0.988631
3632 6 2721 0.988665
4089 6 1759 0.988698
4077 6 3513 0.988732
3127 6 340 0.988766
873 6 390 0.988800
4070 6 498 0.988834
846 6 3432 0.988868
3660 6 365 0.988902
3661 6 476 0.988936
3091 6 3370 0.988969
3665 6 655 0.989003
4063 6 3457 0.989037
3074 6 691 0.989071
2388 6 3270 0.989105
4051 6 3477 0.989139
32 6 86 0.989173
2824 6 229 0.989207
3985 6 533 0.989240
1498 6 3441 0.989274
1521 6 3859 0.989308
3893 6 3848 0.989342
2776 6 3447 0.989376
2774 6 3989 0.989410
44 6 3993 0.989444
2767 6 77 0.989477
3977 6 1301 0.989511
1664 6 2100 0.989545
63 6 1297 0.989579
1759 6 2580 0.989613
2721 6 3632 0.989647
3936 6 3161 0.989681
1792 6 4096 0.989715
1838 6 3175 0.989748
1855 6 219 0.989782
1890 6 2517 0.989816
2671 6 3217 0.989850
3963 6 3970 0.989884
1924 6 825 0.989918
6 6 4110 0.989952
1254 6 3749 0.989986
117 6 3745 0.990019
1133 6 1664 0.990053
1151 6 987 0.990087
1168 6 3724 0.990121
102 6 147 0.990155
4013 6 895 0.990189
2899 6 887 0.990223
95 6 4047 0.990257
3806 6 3044 0.990290
2884 6 2375 0.990324
2621 6 3055 0.990358
3751 6 163 0.990392
1263 6 879 0.990426
86 6 3727 0.990460
1297 6 4077 0.990494
2100 6 4089 0.990527
1301 6 63 0.990561
77 6 3977 0.990595
3993 6 44 0.990629
3989 6 2774 0.990663
3447 6 2776 0.990697
3848 6 3893 0.990731
3859 6 1521 0.990765
3441 6 1498 0.990798
533 6 3985 0.990832
229 6 2824 0.990866
3513 6 32 0.990900
3477 6 2388 0.990934
3270 6 4051 0.990968
691 6 3127 0.991002
3457 6 873 0.991036
655 6 4070 0.991069
3370 6 846 0.991103
476 6 3660 0.991137
365 6 3091 0.991171
3432 6 3665 0.991205
498 6 4063 0.991239
390 6 3074 0.991273
340 6 3661 0.991307
1455 5 3489 0.991335
152 5 192 0.991363
2817 5 193 0.991391
3444 5 3637 0.991419
1476 5 2015 0.991448
1486 5 790 0.991476
472 5 3147 0.991504
1442 5 671 0.991532
3887 5 2634 0.991561
453 5 351 0.991589
1607 5 2167 0.991617
593 5 4003 0.991645
866 5 802 0.991673
1711 5 4052 0.991702
3676 5 2505 0.991730
2736 5 1417 0.991758
3678 5 250 0.991786
34 5 3271 0.991815
649 5 3849 0.991843
1657 5 3844 0.991871
3890 5 910 0.991899
2437 5 3839 0.991927
464 5 1354 0.991956
1579 5 1346 0.991984
283 5 929 0.992012
3694 5 4039 0.992040
3059 5 3925 0.992069
46 5 235 0.992097
245 5 2422 0.992125
1157 5 858 0.992153
610 5 1797 0.992182
3310 5 2692 0.992210
562 5 349 0.992238
264 5 1777 0.992266
3305 5 1776 0.992294
3805 5 453 0.992323
2980 5 2431 0.992351
3795 5 27 0.992379
1264 5 864 0.992407
3787 5 3227 0.992436
1147 5 704 0.992464
3290 5 3429 0.992492
1038 5 4046 0.992520
3544 5 3606 0.992548
110 5 721 0.992577
1057 5 735 0.992605
485 5 2230 0.992633
3742 5 371 0.992661
4074 5 4107 0.992690
1295 5 2219 0.992718
4087 5 866 0.992746
929 5 283 0.992774
1346 5 1579 0.992802
1354 5 464 0.992831
3839 5 2437 0.992859
910 5 3890 0.992887
3844 5 1657 0.992915
3849 5 649 0.992944
3271 5 34 0.992972
250 5 3678 0.993000
1417 5 2736 0.993028
2505 5 3676 0.993056
4052 5 1711 0.993085
802 5 1295 0.993113
3489 5 593 0.993141
192 5 1607 0.993169
193 5 3887 0.993198
3637 5 1442 0.993226
2015 5 472 0.993254
790 5 1486 0.993282
3147 5 1476 0.993311
671 5 3444 0.993339
2634 5 2817 0.993367
351 5 152 0.993395
2167 5 1455 0.993423
4003 5 4087 0.993452
864 5 3059 0.993480
2219 5 3694 0.993508
4107 5 4074 0.993536
371 5 3742 0.993565
2230 5 485 0.993593
735 5 1057 0.993621
721 5 110 0.993649
3606 5 3544 0.993677
4046 5 1038 0.993706
3429 5 3290 0.993734
704 5 1147 0.993762
3227 5 3787 0.993790
4039 5 1264 0.993819
27 5 2980 0.993847
2431 5 3795 0.993875
1776 5 46 0.993903
1777 5 245 0.993931
349 5 1157 0.993960
2692 5 610 0.993988
1797 5 3310 0.994016
858 5 562 0.994044
2422 5 264 0.994073
235 5 3305 0.994101
3925 5 3805 0.994129
327 4 4102 0.994152
552 4 166 0.994174
4011 4 717 0.994197
3537 4 868 0.994219
2204 4 3673 0.994242
1651 4 865 0.994265
4016 4 220 0.994287
4065 4 190 0.994310
4007 4 4109 0.994332
2885 4 4092 0.994355
3910 4 3588 0.994377
3939 4 757 0.994400
4076 4 206 0.994423
288 4 884 0.994445
3999 4 174 0.994468
262 4 945 0.994490
1200 4 3003 0.994513
1194 4 3686 0.994536
572 4 4088 0.994558
1762 4 3143 0.994581
4025 4 788 0.994603
4079 4 652 0.994626
3781 4 3978 0.994648
289 4 4060 0.994671
1105 4 3946 0.994694
1713 4 3897 0.994716
4037 4 2838 0.994739
2380 4 2441 0.994761
1937 4 2971 0.994784
1996 4 855 0.994806
1969 4 2963 0.994829
3952 4 996 0.994852
3865 4 1002 0.994874
3953 4 3653 0.994897
3954 4 1022 0.994919
1474 4 832 0.994942
406 4 3765 0.994965
467 4 124 0.994987
3965 4 852 0.995010
3494 4 1031 0.995032
4058 4 120 0.995055
1510 4 851 0.995077
3882 4 893 0.995100
49 4 125 0.995123
1856 4 2527 0.995145
2565 4 4105 0.995168
2855 4 4090 0.995190
2106 4 877 0.995213
3996 4 201 0.995236
3990 4 3565 0.995258
384 4 202 0.995281
530 4 3121 0.995303
307 4 673 0.995326
1383 4 894 0.995348
270 4 3619 0.995371
4071 4 288 0.995394
2838 4 2380 0.995416
2441 4 4037 0.995439
3897 4 1713 0.995461
3946 4 1105 0.995484
4060 4 289 0.995506
3978 4 3781 0.995529
652 4 4079 0.995552
788 4 4025 0.995574
3143 4 1762 0.995597
4088 4 572 0.995619
3686 4 1194 0.995642
3003 4 1200 0.995665
945 4 262 0.995687
174 4 3999 0.995710
4102 4 4071 0.995732
166 4 4076 0.995755
717 4 3939 0.995777
868 4 3910 0.995800
3673 4 2885 0.995823
865 4 4007 0.995845
220 4 4065 0.995868
190 4 4016 0.995890
4109 4 1651 0.995913
4092 4 2204 0.995936
3588 4 3537 0.995958
757 4 4011 0.995981
206 4 552 0.996003
884 4 327 0.996026
893 4 1996 0.996048
3619 4 270 0.996071
894 4 1383 0.996094
673 4 307 0.996116
3121 4 530 0.996139
202 4 384 0.996161
3565 4 3990 0.996184
201 4 3996 0.996206
877 4 2106 0.996229
4090 4 2855 0.996252
4105 4 2565 0.996274
2527 4 1856 0.996297
125 4 49 0.996319
2971 4 3882 0.996342
851 4 4058 0.996365
120 4 1510 0.996387
1031 4 1937 0.996410
852 4 1969 0.996432
124 4 3952 0.996455
3765 4 3865 0.996477
832 4 3953 0.996500
1022 4 1474 0.996523
3653 4 406 0.996545
1002 4 467 0.996568
996 4 3965 0.996590
2963 4 3494 0.996613
855 4 3954 0.996636
3375 3 76 0.996652
3413 3 356 0.996669
207 3 1071 0.996686
785 3 1046 0.996703
294 3 2483 0.996720
2798 3 112 0.996737
157 3 2481 0.996754
182 3 1034 0.996771
3699 3 2922 0.996788
2952 3 4082 0.996805
4097 3 2442 0.996822
1546 3 4083 0.996839
4057 3 4033 0.996856
448 3 81 0.996873
2691 3 2860 0.996890
3991 3 321 0.996906
3992 3 2998 0.996923
2792 3 2595 0.996940
3560 3 3801 0.996957
383 3 228 0.996974
3955 3 3816 0.996991
660 3 1253 0.997008
4055 3 1252 0.997025
1760 3 3811 0.997042
179 3 4045 0.997059
2722 3 4005 0.997076
3928 3 743 0.997093
240 3 904 0.997110
4062 3 155 0.997127
3575 3 2808 0.997144
854 3 253 0.997161
191 3 1353 0.997177
656 3 247 0.997194
301 3 499 0.997211
2714 3 4091 0.997228
1693 3 61 0.997245
164 3 2168 0.997262
3582 3 3733 0.997279
4064 3 3597 0.997296
4099 3 1362 0.997313
386 3 71 0.997330
454 3 336 0.997347
293 3 3717 0.997364
1627 3 899 0.997381
667 3 2178 0.997398
1586 3 3037 0.997415
3689 3 571 0.997431
3691 3 2975 0.997448
411 3 97 0.997465
3744 3 1027 0.997482
1208 3 3467 0.997499
4033 3 1546 0.997516
4045 3 1760 0.997533
3811 3 4055 0.997550
1252 3 660 0.997567
1253 3 3955 0.997584
3816 3 383 0.997601
228 3 3560 0.997618
3801 3 2792 0.997635
2595 3 3992 0.997652
2998 3 3991 0.997669
321 3 2691 0.997685
2860 3 448 0.997702
81 3 4057 0.997719
743 3 3744 0.997736
76 3 4097 0.997753
356 3 2952 0.997770
1071 3 3699 0.997787
1046 3 182 0.997804
2483 3 157 0.997821
112 3 2798 0.997838
2481 3 294 0.997855
1034 3 785 0.997872
2922 3 207 0.997889
4082 3 3413 0.997906
2442 3 3375 0.997923
4083 3 1208 0.997940
3597 3 2722 0.997956
3467 3 179 0.997973
1027 3 411 0.997990
97 3 3691 0.998007
2975 3 3689 0.998024
571 3 1586 0.998041
3037 3 667 0.998058
2178 3 1627 0.998075
899 3 293 0.998092
3717 3 454 0.998109
336 3 386 0.998126
71 3 4099 0.998143
1362 3 4064 0.998160
4005 3 164 0.998177
3733 3 3582 0.998194
2168 3 3928 0.998210
61 3 240 0.998227
4091 3 4062 0.998244
499 3 3575 0.998261
247 3 854 0.998278
1353 3 191 0.998295
253 3 656 0.998312
2808 3 301 0.998329
155 3 2714 0.998346
904 3 1693 0.998363
4006 2 1270 0.998374
699 2 1276 0.998385
3987 2 267 0.998397
4032 2 3875 0.998408
205 2 2857 0.998419
443 2 1326 0.998431
4001 2 860 0.998442
3125 2 648 0.998453
775 2 244 0.998465
379 2 1690 0.998476
1065 2 35 0.998487
3959 2 2740 0.998498
401 2 1262 0.998510
749 2 3746 0.998521
4106 2 183 0.998532
744 2 90 0.998544
3407 2 3282 0.998555
377 2 3808 0.998566
233 2 3807 0.998577
216 2 1233 0.998589
316 2 1224 0.998600
305 2 1176 0.998611
3983 2 581 0.998623
4048 2 256 0.998634
4036 2 3006 0.998645
4012 2 160 0.998656
2382 2 642 0.998668
3408 2 3688 0.998679
750 2 286 0.998690
1967 2 2788 0.998702
4028 2 3704 0.998713
3589 2 4068 0.998724
3134 2 282 0.998735
4029 2 1558 0.998747
4034 2 468 0.998758
1395 2 3268 0.998769
255 2 47 0.998781
2541 2 3885 0.998792
3732 2 241 0.998803
70 2 42 0.998815
145 2 4101 0.998826
3846 2 1854 0.998837
1394 2 841 0.998848
3854 2 234 0.998860
138 2 2704 0.998871
1430 2 3942 0.998882
279 2 859 0.998894
4094 2 1755 0.998905
153 2 3879 0.998916
2814 2 3922 0.998927
154 2 33 0.998939
52 2 3959 0.998950
3875 2 4036 0.998961
256 2 4048 0.998973
581 2 3983 0.998984
1176 2 305 0.998995
1224 2 316 0.999006
1233 2 216 0.999018
3807 2 233 0.999029
3808 2 377 0.999040
3282 2 3407 0.999052
90 2 744 0.999063
183 2 4106 0.999074
3746 2 749 0.999085
1262 2 401 0.999097
1270 2 154 0.999108
1276 2 1065 0.999119
267 2 379 0.999131
3006 2 775 0.999142
2857 2 3125 0.999153
1326 2 4001 0.999165
860 2 443 0.999176
648 2 205 0.999187
244 2 4032 0.999198
1690 2 3987 0.999210
35 2 699 0.999221
2740 2 4006 0.999232
241 2 52 0.999244
33 2 2382 0.999255
3922 2 4012 0.999266
3879 2 2814 0.999277
1755 2 153 0.999289
859 2 4094 0.999300
3942 2 279 0.999311
2704 2 1430 0.999323
234 2 138 0.999334
841 2 3854 0.999345
1854 2 1394 0.999356
4101 2 3846 0.999368
42 2 145 0.999379
160 2 70 0.999390
3885 2 2541 0.999402
47 2 3732 0.999413
3268 2 3408 0.999424
468 2 750 0.999435
1558 2 1967 0.999447
282 2 4028 0.999458
4068 2 3589 0.999469
3704 2 3134 0.999481
2788 2 4029 0.999492
286 2 4034 0.999503
3688 2 1395 0.999515
642 2 255 0.999526
3453 1 2596 0.999531
2569 1 4015 0.999537
4044 1 4010 0.999543
4078 1 18 0.999548
335 1 4008 0.999554
3853 1 2079 0.999560
4085 1 3984 0.999565
4056 1 3974 0.999571
4086 1 11 0.999577
4108 1 12 0.999582
2470 1 447 0.999588
2457 1 15 0.999594
3451 1 2195 0.999599
4100 1 3709 0.999605
4103 1 883 0.999610
4049 1 638 0.999616
608 1 875 0.999622
892 1 3071 0.999627
624 1 3570 0.999633
3031 1 3650 0.999639
3729 1 3798 0.999644
911 1 1386 0.999650
918 1 1834 0.999656
613 1 292 0.999661
3748 1 3935 0.999667
891 1 287 0.999673
607 1 37 0.999678
602 1 43 0.999684
114 1 1581 0.999690
1096 1 358 0.999695
1119 1 1466 0.999701
1145 1 3856 0.999706
585 1 4022 0.999712
801 1 2842 0.999718
692 1 74 0.999723
3230 1 550 0.999729
674 1 3820 0.999735
215 1 1206 0.999740
3183 1 1560 0.999746
210 1 4035 0.999752
209 1 2269 0.999757
668 1 4024 0.999763
3798 1 4108 0.999769
3650 1 3031 0.999774
3570 1 624 0.999780
3071 1 892 0.999785
875 1 608 0.999791
638 1 4049 0.999797
883 1 4103 0.999802
3709 1 4100 0.999808
2195 1 3451 0.999814
15 1 2457 0.999819
447 1 2470 0.999825
12 1 3729 0.999831
11 1 4086 0.999836
3974 1 4056 0.999842
3984 1 4085 0.999848
2079 1 3853 0.999853
4008 1 335 0.999859
18 1 4078 0.999865
4010 1 4044 0.999870
4015 1 2569 0.999876
2596 1 3453 0.999881
4022 1 1119 0.999887
4024 1 209 0.999893
2269 1 210 0.999898
4035 1 3183 0.999904
1560 1 215 0.999910
1206 1 674 0.999915
3820 1 3230 0.999921
550 1 692 0.999927
74 1 801 0.999932
2842 1 585 0.999938
1386 1 1145 0.999944
3856 1 668 0.999949
1466 1 1096 0.999955
358 1 114 0.999960
1581 1 602 0.999966
43 1 607 0.999972
37 1 891 0.999977
287 1 3748 0.999983
3935 1 613 0.999989
292 1 918 0.999994
1834 1 911 1.000000
