947.990000 1
1910.911000 2
2856.685000 3
3803.603000 4
4749.386000 5
5694.482000 6
6686.511000 7
7628.696000 8
8579.998000 9
9525.546000 10
10470.424000 11
11414.628000 12
12362.566000 13
13305.540000 14
14254.417000 15
15197.561000 16
16144.425000 17
17101.840000 18
18126.861000 19
19094.947000 20
20038.540000 21
21012.487000 22
21971.875000 23
22919.001000 24
23872.256000 25
24821.851000 26
25795.513000 27
26782.079000 28
27758.186000 29
28745.370000 30
29727.654000 31
30711.780000 32
31684.351000 33
32662.673000 34
33636.986000 35
34597.812000 36
35575.542000 37
36549.504000 38
37527.241000 39
38496.386000 40
39492.692000 41
40455.851000 42
41428.240000 43
42407.095000 44
43377.911000 45
44346.549000 46
45338.420000 47
46305.320000 48
47274.904000 49
48256.446000 50
49226.192000 51
50198.419000 52
51169.696000 53
52122.094000 54
53086.626000 55
54056.219000 56
55018.808000 57
55983.045000 58
56945.361000 59
57904.730000 60
58869.852000 61
59815.842000 62
60785.876000 63
61759.640000 64
62738.950000 65
63725.633000 66
64692.200000 67
65654.401000 68
66626.187000 69
67606.316000 70
68593.260000 71
69568.497000 72
70544.824000 73
71564.532000 74
72555.161000 75
73514.724000 76
74498.261000 77
75450.428000 78
76410.102000 79
77372.044000 80
78348.293000 81
79313.412000 82
80272.656000 83
81243.745000 84
82230.104000 85
83186.728000 86
84146.456000 87
85114.266000 88
86077.630000 89
87035.246000 90
87990.332000 91
88944.650000 92
89926.509000 93
90909.507000 94
91892.260000 95
92895.302000 96
93868.802000 97
94832.371000 98
95792.873000 99
96755.853000 100
967.55
Max page usage: 5000