974.985000 1
1953.359000 2
2903.650000 3
3856.456000 4
4818.503000 5
5777.773000 6
6759.108000 7
7747.734000 8
8707.197000 9
9665.337000 10
10625.093000 11
11587.226000 12
12541.803000 13
13492.513000 14
14456.492000 15
15437.950000 16
16416.133000 17
17376.528000 18
18336.166000 19
19295.352000 20
20257.461000 21
21211.308000 22
22175.964000 23
23128.419000 24
24088.353000 25
25042.859000 26
25998.198000 27
26952.481000 28
27907.664000 29
28893.916000 30
29844.516000 31
30802.865000 32
31762.763000 33
32723.584000 34
33685.150000 35
34646.421000 36
35603.354000 37
36558.475000 38
37520.101000 39
38487.605000 40
39450.639000 41
40417.428000 42
41377.533000 43
42345.954000 44
43328.912000 45
44295.679000 46
45266.155000 47
46231.724000 48
47194.368000 49
48172.812000 50
49151.807000 51
50137.343000 52
51146.675000 53
52140.767000 54
53134.345000 55
54159.073000 56
55202.752000 57
56175.551000 58
57150.364000 59
58121.557000 60
59086.111000 61
60084.511000 62
61061.399000 63
62042.528000 64
63023.854000 65
64009.812000 66
64987.195000 67
65985.234000 68
66979.599000 69
67986.560000 70
69011.033000 71
70011.379000 72
71011.475000 73
72011.868000 74
73023.392000 75
74004.110000 76
74999.343000 77
75971.040000 78
76943.577000 79
77914.462000 80
78879.404000 81
79837.806000 82
80803.564000 83
81772.500000 84
82733.488000 85
83693.276000 86
84652.413000 87
85612.943000 88
86570.004000 89
87534.492000 90
88503.230000 91
89466.863000 92
90450.083000 93
91446.012000 94
92415.881000 95
93392.999000 96
94356.957000 97
95333.308000 98
96333.226000 99
97314.414000 100
973.14
Max page usage: 80856