947.990000
962.921000
945.774000
946.918000
945.783000
945.096000
992.029000
942.185000
951.302000
945.548000
944.878000
944.204000
947.938000
942.974000
948.877000
943.144000
946.864000
957.415000
1025.021000
968.086000
943.593000
973.947000
959.388000
947.126000
953.255000
949.595000
973.662000
986.566000
976.107000
987.184000
982.284000
984.126000
972.571000
978.322000
974.313000
960.826000
977.730000
973.962000
977.737000
969.145000
996.306000
963.159000
972.389000
978.855000
970.816000
968.638000
991.871000
966.900000
969.584000
981.542000
969.746000
972.227000
971.277000
952.398000
964.532000
969.593000
962.589000
964.237000
962.316000
959.369000
965.122000
945.990000
970.034000
973.764000
979.310000
986.683000
966.567000
962.201000
971.786000
980.129000
986.944000
975.237000
976.327000
1019.708000
990.629000
959.563000
983.537000
952.167000
959.674000
961.942000
976.249000
965.119000
959.244000
971.089000
986.359000
956.624000
959.728000
967.810000
963.364000
957.616000
955.086000
954.318000
981.859000
982.998000
982.753000
1003.042000
973.500000
963.569000
960.502000
962.980000
