974.985000
978.374000
950.291000
952.806000
962.047000
959.270000
981.335000
988.626000
959.463000
958.140000
959.756000
962.133000
954.577000
950.710000
963.979000
981.458000
978.183000
960.395000
959.638000
959.186000
962.109000
953.847000
964.656000
952.455000
959.934000
954.506000
955.339000
954.283000
955.183000
986.252000
950.600000
958.349000
959.898000
960.821000
961.566000
961.271000
956.933000
955.121000
961.626000
967.504000
963.034000
966.789000
960.105000
968.421000
982.958000
966.767000
970.476000
965.569000
962.644000
978.444000
978.995000
985.536000
1009.332000
994.092000
993.578000
1024.728000
1043.679000
972.799000
974.813000
971.193000
964.554000
998.400000
976.888000
981.129000
981.326000
985.958000
977.383000
998.039000
994.365000
1006.961000
1024.473000
1000.346000
1000.096000
1000.393000
1011.524000
980.718000
995.233000
971.697000
972.537000
970.885000
964.942000
958.402000
965.758000
968.936000
960.988000
959.788000
959.137000
960.530000
957.061000
964.488000
968.738000
963.633000
983.220000
995.929000
969.869000
977.118000
963.958000
976.351000
999.918000
981.188000
